0100000010
0100000011
0100000110
0100000111
9110010110
9110010120
9110010121
0100000210
0100000211
9120010110
9120010120
9120010130
9120010131
9130030110
9130030111
9111010110
9111010111
0100000310
0100000311
0100000320
0100000330
0100000331
0100000610
0100000611
0100000620
0100000621
0100000630
0100000631
0100000410
0100000421
0100000510
0100000520
0100000521
9110060110
9110060121
0100000810
0100000840
0100000841
0100000850
0100000930
0100000931
0100001030
0100001110
0100001111
9110020110
9110020120
9110020130
9110020131
9110020210
9110020220
9110020230
9110020231
9110060210
9110060220
9110060221
9120010210
9120010220
9120010221
9120020110
9120020141
9170010210
9170010220
9170010221
0100010110
0100010111
0100010210
0100010220
0100010221
0100010310
0100010320
0100010321
9110080210
9110080220
9110080230
9110080231
9170150110
9170150120
9170150130
9170150131
0100010410
0100010411
0100010420
0100010421
0100010510
0100010511
0100010520
0100010521
0100010530
0100010531
0100010540
0100010541
9140020110
9140020111
9150020110
9150020111
0100010610
0100010611
0100010620
0100010621
0100010630
0100010640
0100010650
0100010651
0100010710
0100010711
0100010720
0100010730
0100010740
0100010750
0100010751
0100010810
0100010820
0100010830
0100010831
0100010840
0100010841
9110080110
9110080120
9110080130
9110080131
9170010110
9170010120
9170010121
0100011010
0100011020
0100011030
0100011040
0100011041
0100011050
0100011051
0100011110
0100011111
0100011120
0100011121
0100011130
0100011131
0100011141
9120030110
9120030120
9120030121
9150150110
9150150120
9150150121
0100011410
0100011420
0100011430
0100011440
0100011441
0100011510
0100011520
0100011521
0100011530
0100011531
9110220110
9110220120
9110220130
9110220131
9110260110
9110260120
9110260130
9110260131
9120090110
9120090120
9120090130
9120090131
9160130110
9160130111
9110030110
9110030111
9140190110
9140190120
9140190121
9160140110
9160140120
9160140130
9160140131
9170130110
9170130120
9170130130
9170130131
9130040110
9130040111
9140010110
9140010120
9140010121
9140090210
9140090220
9140090230
9140090231
9170020110
9170020120
9170020130
9170020131
0100010910
0100010911
0100010920
0100010921
0100011210
0100011220
0100011230
0100011231
0100011310
0100011311
0100011320
0100011321
0100011330
0100011331
0100011340
0100011341
0100020110
0100020111
0100020210
0100020220
0100020221
9110050310
9110050311
0100020310
0100020320
0100020330
0100020340
0100020341
0100021010
0100021020
0100021021
0100021030
0100021031
0100021040
0100021041
9110050110
9110050120
9110050121
9110050210
9110050211
9130090110
9130090120
9130090130
9130090131
9130100110
9130100111
9140030110
9140030120
9140030130
9140030131
9140170110
9140170111
9160010110
9160010120
9160010121
9160180110
9160180120
9160180121
9160180210
9160180220
9160180221
9170050110
9170050120
9170050130
9170050131
9170100110
9170100120
9170100121
9160020110
9160020120
9160020121
0100020610
0100020620
0100020621
0100020810
0100020820
0100020821
0100021510
0100021520
0100021521
0100021530
0100021531
9140190210
9140190220
9140190221
0100020510
0100020520
0100020521
9130050110
9130050120
9130050121
9150190110
9150190120
9150190121
0100020710
0100020711
0100020720
0100020730
0100020740
0100020741
9110130110
9110130120
9110130130
9110130131
9110180210
9110180211
9130110110
9130110120
9130110121
9150030210
9150030211
9150030220
9150030221
9170030110
9170030120
9170030121
9170110110
9170110120
9170110121
9170110210
9170110220
9170110230
9170110240
9170110241
0100020910
0100020911
0100020920
0100020930
0100020940
0100020941
0100020950
0100020951
9120120110
9120120120
9120120121
9150190310
9150190320
9150190330
9150190331
9160100110
9160100120
9160100121
9160100210
9160100220
9160100230
9160100231
9170160110
9170160120
9170160130
9170160131
0100021310
0100021320
0100021321
0100021410
0100021420
0100021421
0100021430
0100021431
0100020410
0100020411
0100020420
0100020421
9130060110
9130060120
9130060130
9130060131
9150030110
9150030120
9150030121
9130010110
9130010120
9130010121
9130130110
9130130120
9130130130
9130130131
9140110110
9140110111
9150210110
9150210120
9150210121
9170060110
9170060120
9170060121
9170080110
9170080120
9170080121
9170080130
9170080131
9170080140
9170080141
9120150110
9120150120
9120150130
9120150140
9120150141
0100021110
0100021120
0100021130
0100021131
0100021140
0100021141
0100021150
0100021151
0100021210
0100021220
0100021221
0100030110
0100030111
0100030210
0100030211
0100030220
0100030221
0100030230
0100030231
9140080110
9140080120
9140080121
0100030310
0100030311
0100030320
0100030321
0100030330
0100030331
9150190210
9150190211
0100030410
0100030411
0100030420
0100030421
0100030430
0100030431
0100030440
0100030441
0100030450
0100030451
9120180110
9120180120
9120180121
9140150110
9140150120
9140150121
0100030510
0100030511
0100030520
0100030530
0100030531
0100030540
0100030541
0100030710
0100030711
0100030720
0100030721
0100030730
0100030810
0100030811
0100030820
0100030821
0100030830
0100030831
0100030610
0100030620
0100030621
0100030630
0100030631
0100030640
0100030650
0100030651
9120020310
9120020320
9120020330
9120020331
9150170110
9150170120
9150170130
9150170131
0100030910
0100030911
0100030920
0100030921
0100030930
0100030940
0100030941
0100031010
0100031011
0100031020
0100031030
0100031040
0100031041
0100031050
0100031051
0100031110
0100031111
0100031121
0100031131
0100031140
0100031141
0100031210
0100031220
0100031221
0100031231
0100031310
0100031311
0100031320
0100031330
0100031340
0100031341
0100031410
0100031411
0100031420
0100031421
0100031430
0100031431
9120050110
9120050120
9120050130
9120050131
9150170210
9150170220
9150170221
9140090110
9140090120
9140090130
9140090131
0100040110
0100040111
0100040210
0100040220
0100040221
0100040230
0100040240
0100040250
0100040251
9160050110
9160050120
9160050130
9160050131
0100040310
0100040320
0100040330
0100040340
0100040341
0100040610
0100040621
0100040631
0100040640
0100040641
0100040710
0100040720
0100040730
0100040731
0100040910
0100040911
0100040920
0100041010
0100041011
0100041020
0100041031
0100041041
0100041050
0100041051
0100041110
0100041120
0100041130
0100041140
0100041141
0100041210
0100041220
0100041230
0100041240
0100041241
0100041310
0100041321
0100041330
0100041331
0100041340
0100041341
0100041350
0100041351
9110200110
9110200120
9110200121
9150140110
9150140120
9150140130
9150140140
9150140150
9150140151
9150160110
9150160120
9150160130
9150160131
9160070110
9160070111
9170070110
9170070111
9170070210
9170070220
9170070221
9170070230
9170070231
9170160210
9170160211
0100040410
0100040420
0100040421
0100040431
0100040440
0100040450
0100040451
9150040110
9150040120
9150040130
9150040131
0100040510
0100040521
0100040531
0100040540
0100040541
9120020210
9120020240
9120020241
9120050210
9120050220
9120050230
9120050231
0100040810
0100040820
0100040821
0100040830
0100040840
0100040850
0100040851
9120110110
9120110120
9120110121
9150100110
9150100120
9150100121
9170040110
9170040120
9170040130
9170040131
9160180310
9160180320
9160180321
9170040210
9170040220
9170040230
9170040231
9110090110
9110090120
9110090121
0100050110
0100050120
0100050121
9140130110
9140130111
0100050210
0100050220
0100050230
0100050240
0100050241
0100050310
0100050321
0100050410
0100050420
0100050421
0100050510
0100050511
0100050520
0100050521
0100051510
0100051520
0100051521
0100051530
0100051531
0100051610
0100051620
0100051630
0100051631
0100050610
0100050611
0100050710
0100050711
0100050720
0100050730
0100050731
9120090210
9120090220
9120090230
9120090231
9120100110
9120100120
9120100121
9120100130
9120100140
9120100141
9120100150
9120100160
9120100161
0100050810
0100050820
0100050821
0100050830
0100050831
0100050910
0100050911
0100051010
0100051020
0100051021
0100051030
0100051031
0100052110
0100052120
0100052121
0100052130
0100052131
0100052210
0100052220
0100052221
0100052230
0100052231
0100052240
0100052241
0100051110
0100051111
0100051120
0100051121
0100051130
0100051140
0100051141
0100051210
0100051220
0100051230
0100051240
0100051250
0100051251
9110190110
9110190120
9110190130
9110190131
0100051310
0100051320
0100051330
0100051340
0100051350
0100051351
0100051410
0100051420
0100051710
0100051720
0100051810
0100051820
0100051830
0100051831
0100051840
0100051910
0100051920
0100051921
0100052010
0100052020
0100052021
0100060110
0100060120
0100060121
0100062110
0100062111
0100060210
0100060220
0100060230
0100060231
0100060310
0100060320
0100060321
0100060410
0100060411
0100060420
0100062610
0100062611
0100062620
0100062630
0100062640
0100062641
0100060510
0100060610
0100060611
0100060620
0100060621
0100060631
0100060810
0100060811
0100060820
0100060830
0100060831
0100062010
0100060710
0100060711
0100060720
0100060730
0100060731
0100060740
0100060750
0100060751
0100062810
0100062811
0100062820
0100062821
0100060910
0100060911
0100061010
0100061011
0100061020
0100061031
0100061040
0100061041
0100061710
0100061720
0100061721
0100061910
0100061920
0100061921
0100061930
0100061940
0100061950
0100061951
0100062710
0100062711
9120060110
9120060120
9120060130
9120060131
0100061110
0100061120
0100061130
0100061140
0100061141
0100061610
0100061611
0100061620
0100061621
0100061210
0100061310
0100061320
0100061330
0100061331
0100061410
0100061420
0100061421
0100061430
0100061440
0100061441
0100061510
0100061511
0100061810
0100061811
0100061820
0100061821
0100062210
0100062211
0100062220
0100062221
0100062310
0100062311
0100062320
0100062321
0100062330
0100062331
0100062340
0100062341
0100062410
0100062411
0100062510
0100062511
0100062520
0100062521
0100062910
0100062920
0100063010
0100063011
0100063020
0100063021
9120080110
9120080120
9120080121
9120080130
9120080140
9120080141
9140020210
9140020211
0100063110
0100063111
0100063120
0100063121
0100063130
0100063131
0100063210
0100063211
0100070110
0100070120
0100070130
0100070131
0100070140
0100070141
0100070211
0100070220
0100070230
0100070231
0100070240
0100070250
9130080110
9130080111
9130080120
9130080121
9130080130
9130080131
0100071210
0100071220
0100071221
0100071230
0100071240
0100071250
0100071710
0100071711
0100071720
0100071721
0100071730
0100071740
0100071741
0100072210
0100070310
0100070320
0100070321
0100070710
0100070720
0100070730
0100070740
0100070741
0100070810
0100070820
0100070821
0100070830
0100071010
0100071020
0100071021
0100071030
0100071031
0100071040
0100071041
0100071110
0100071120
0100071130
0100071140
0100071510
0100071511
0100071520
0100071521
0100071530
0100071531
0100071541
0100071550
0100071551
0100071560
0100071561
0100071910
0100071920
0100072010
0100072020
0100072030
0100072040
0100072050
0100072051
0100072060
0100072070
0100072071
0100070410
0100070420
0100070421
0100070430
0100070431
0100070440
0100070441
0100070450
0100070460
0100070461
0100070510
0100070511
0100070521
0100070530
0100070531
0100070540
0100070541
0100070610
0100070611
0100070620
0100070621
0100071810
0100071820
0100071821
0100071830
0100071840
0100071850
0100071851
0100071860
0100071410
0100071420
0100071430
0100071440
0100071450
0100071460
0100071470
0100070910
0100070920
0100070921
0100070930
0100070931
9170060210
9170060211
9170060220
9170060221
0100071310
0100071320
0100071321
0100071331
0100071610
0100071611
0100072110
0100072120
0100072130
0100072140
0100072150
0100072151
0100072160
0100072161
9120200110
9120200111
9120200120
9120200130
9120200131
9170220110
9170220111
9170220120
9170220121
0100080110
0100080111
0100080210
0100080240
0100080310
0100080410
0100080510
0100080610
0100080710
0100080810
0100080910
0100081010
0100081110
0100081210
0100081310
0100081410
0100081510
0100081610
0100081910
0100081911
0100081913
0100081920
0100081922
0100082010
0100082211
0100081810
0100081820
0100081821
0100082110
0100082111
0100081710
0200010110
0200010111
0200010210
0200010211
0200010310
0200010311
0200011410
0200011411
0200010410
0200010420
0200010421
0200010710
0200010711
0200010910
0200010920
0200010921
0200011110
0200011111
0200011510
0200011511
0200010510
0200010511
0200010610
0200010620
0200010621
0200010810
0200010820
0200010821
9160260110
9160260111
9160260120
9160260121
9160260130
9160260131
0200011010
0200011020
0200011021
0200011210
0200011220
0200011230
0200011231
0200011310
0200011311
0200011710
0200011720
0200011721
0200011810
0200011811
0200011610
0200011620
0200011630
0200011640
0200011641
0200020110
0200020120
0200020121
0200020210
0200020211
0200020310
0200020320
0200020330
0200020331
0200020410
0200020420
0200020430
0200020431
0200020910
0200020911
0200021110
0200021120
0200021130
0200021140
0200021141
0200021150
0200021160
0200021170
0200021171
0200020510
0200020511
0200020610
0200020611
0200020620
0200020630
0200020640
0200020641
0200020710
0200020711
0200020810
0200020811
0200020820
0200020830
0200020831
0200020840
0200020850
0200020860
0200020861
0200020870
0200021010
0200021020
0200021030
0200021031
0200021210
0200021220
0200021221
0200021230
0200021310
0200021320
0200021321
0200021410
0200021420
0200021421
0200021510
0200021610
0200021620
0200021621
0200021630
0200021640
0200021650
0200021660
0200030010
0200030110
0200030111
0200030120
0200030121
0200030210
0200030211
0200030220
0200030310
0200030311
0200030320
0200030321
0200030330
0200030340
0200030341
0200030410
0200030420
0200030421
0200031310
0200031320
0200031321
0200030510
0200030511
0200030520
0200030530
0200030540
0200030541
0200030610
0200030620
0200030621
0200030630
0200030640
0200030641
0200030710
0200030711
0200031610
0200031620
0200030810
0200030811
0200030820
0200030830
0200030831
0200030910
0200030920
0200030921
0200030930
0200030940
0200030941
0200031010
0200031020
0200031030
0200031031
0200031110
0200031120
0200031121
0200031130
0200031131
0200031210
0200031220
0200031230
0200031231
0200031240
9160190110
9160190120
9160190121
0200031510
0200031520
0200031521
0200031530
0200031531
0200031540
0200031541
0200031550
0200031410
0200031411
0200031420
0200031421
0200031430
0200031431
0200031440
0200031441
0200031450
0200031460
0200031461
0200040110
0200040111
0200040120
0200040130
0200040140
0200040150
0200040151
0200040160
0200040210
0200040220
0200040230
0200040240
0200040241
0200040250
0200040260
0200040270
0200040271
0200040410
0200040420
0200040430
0200040440
0200040450
0200040451
0200040460
0200040461
0200040310
0200040320
0200040330
0200040340
0200040341
0200040810
0200040820
0200040830
0200040840
0200040841
0200041010
0200041110
0200041111
0200041120
0200041130
0200041140
0200041141
0200040910
0200040510
0200040520
0200040521
0200040530
0200040531
0200040540
0200040550
0200040560
0200040561
0200040610
0200040710
0200040711
0300000110
0300000210
0300000310
0300000410
0300000411
0300000510
0300000610
0300000611
0300000710
0300000711
0300000810
0300010210
0300010220
0300010230
0300010231
0300010810
0300010310
0300010320
0300010321
0300011310
0300011320
0300011330
0300011331
0300010410
0300010420
0300010421
0300010510
0300010520
0300010521
0300010610
0300011010
0300011011
0300011020
0300011030
0300011031
0300011040
0300011210
0300011211
0300011410
0300011420
0300011421
0300011430
0300011431
0300010910
0300010911
0300011110
0300011120
0300011121
0300011510
0300011520
0300011521
0300011710
0300011711
0300011720
0300011721
0300011910
0300011911
0300011920
0300011921
0300012010
0300012011
0300012020
0300011810
0300011840
0300011841
0300012110
0300012120
0300012130
0300012131
0300012210
0300012220
0300012230
0300012310
0300012311
0300012320
0300012330
0300012331
0300012340
0300012341
9406940110
9406940111
9406940210
9406940211
9406940310
9406940410
9406940510
9406940511
9406940610
9406940611
0300010710
0300010711
0300010720
0300010721
0300010730
0300011610
0300011611
0300010010
0300010110
0300020210
0300020220
0300020230
0300020231
0300020310
0300020311
0300020320
0300020321
0300020330
0300020410
0300020420
0300020430
0300020440
0300020441
0300020450
0300020460
0300020461
0300020471
9407030110
9407030111
9407030210
9407030211
0300020510
0300020520
0300020530
0300020540
0300020541
0300020550
0300020551
0300020610
0300020611
0300020621
0300021210
0300021211
0300021221
0300021240
0300021250
0300021251
0300021710
0300021711
0300021720
0300021730
0300021810
0300021821
0300021830
9407030510
9407030511
9407030610
9407030611
0300021310
0300021320
0300021321
0300021330
0300021340
0300021341
0300021350
0300021351
0300020710
0300020711
0300020720
0300020730
0300020740
0300020741
0300020810
0300020820
0300020821
0300020831
0300020840
0300020841
0300020910
0300020920
0300020930
0300020931
0300021010
0300021020
0300021021
0300021030
0300021031
0300021041
0300021410
0300021420
0300021421
0300021510
0300021520
0300021530
0300021531
0300021540
0300021541
9407030310
9407030311
9407030410
9407030411
0300021610
0300021620
0300021630
0300021640
0300021650
0300021110
0300021120
0300021130
0300021131
0300020010
0300020110
0300030810
0300030811
0300030820
0300030821
0300030830
0300030840
0300030841
0300030850
0300030851
0300031410
0300031411
0300031420
0300031430
0300031431
9407310110
9407310111
9407310210
9407310211
0300031510
0300031520
0300031521
0300031530
0300031531
0300031611
0300031620
0300031710
0300031720
0300031721
0300031730
0300031731
0300031740
0300031741
0300031810
0300031820
0300031830
0300031840
0300031841
0300031910
0300031920
0300031930
0300031931
0300032010
0300032020
0300032030
0300032040
0300032041
9407310310
9407310311
9407310410
9407310411
9407310510
9407310610
0300030510
0300030511
0300030520
0300030521
0300030610
0300030611
0300030620
0300030621
0300030710
0300030711
0300030910
0300031010
0300031011
0300031020
0300031021
0300031110
0300031111
0300031210
0300031310
0300031320
0300031330
0300031331
0300030010
0300030110
0300030210
0300030310
0300030410
0300040310
0300040320
0300040321
0300040330
0300040340
0300040341
0300040350
0300040360
0300040610
0300040620
0300040621
0300040630
0300041410
0300041411
0300041420
0300041421
0300041430
0300041431
0300041440
0300041441
0300041450
0300041451
0300041510
0300041520
0300042110
0300042120
0300040410
0300040411
0300040420
0300040421
0300040430
0300040431
0300040440
0300040441
0300041710
0300041720
0300041721
0300040810
0300040820
0300040830
0300040840
0300040910
0300040920
0300040921
0300040930
9407580110
9407580111
9407580210
9407580211
0300041010
0300041011
0300041110
0300041120
0300041121
0300041130
0300041210
0300041220
0300041230
0300041231
0300041240
0300041241
0300041250
0300041251
0300040510
0300040520
0300040530
0300040540
0300040541
0300041810
0300041820
0300041830
0300041840
0300041841
0300041850
0300041860
0300041310
0300041320
0300041321
0300041330
0300041340
0300041350
0300041360
0300041910
0300041920
0300041930
0300041931
0300042010
0300042011
0300042020
0300042030
0300042040
0300042041
0300042050
0300042060
9407580310
9407580311
9407580410
9407580411
9407580510
9407580610
0300040110
0300040210
0300040710
0300041610
0300041620
0300041630
0300050510
0300050520
0300050530
0300050531
0300050540
0300050610
0300050611
0300050620
0300050621
0300050630
0300050631
0300050640
0300050710
0300050720
0300050730
0300050731
0300050811
0300050820
0300050821
0300050910
0300050911
0300050920
0300050921
0300050930
0300050931
0300051010
0300051020
0300051021
0300051110
0300051111
0300051210
0300051220
0300051221
0300051310
0300051320
0300051321
0300051410
0300051420
0300051421
0300051430
0300051431
0300051440
0300051510
0300051520
0300051521
0300051530
0300051531
0300051540
0300051550
0300051610
0300051611
0300051620
0300051630
0300051640
0300051641
0300051710
0300051720
0300051721
0300051730
0300051731
0300051740
0300051810
0300051811
0300051820
0300051910
0300051911
0300051920
0300051921
0300051930
0300052030
0300052031
0300052040
0300052050
0300052051
0300052110
0300052111
0300052210
0300052211
0300052220
0300052221
0300052230
0300053110
0300053111
0300053120
0300053121
0300053130
0300052310
0300052320
0300052410
0300052420
0300052510
0300052520
0300052521
0300052610
0300052611
0300052620
0300052630
0300052640
0300052641
0300052650
0300052651
0300052710
0300052720
0300052721
0300052730
0300052731
0300052810
0300052911
0300052920
0300052930
0300053010
0300053020
0300053021
0300053030
0300053040
0300053041
0300053050
9407690110
9407690111
9407690210
9407690211
9407690310
9407690311
9407690410
9407690411
9407690510
9407690511
9407690610
9407690611
0300050010
0300050110
0300050210
0300050310
0300050410
0300050420
0300060110
0300060120
0300060130
0300060210
0300060211
0300060221
0300060231
0300060310
0300060320
0300060330
0300060331
0300060340
0300060410
0300060420
0300060510
0300060520
0300060530
0300060540
0300060550
0300060551
0300060610
0300060620
0300060630
0300060640
0300060650
0300060651
0300061010
0300061020
0300060710
0300060720
0300060721
0300060730
0300060740
0300060910
0300060920
0300060930
0300061210
0300061221
0300061230
0300061240
0300061310
0300061320
0300061321
0300061410
0300061420
0300061421
0300061430
0300061510
0300061511
0300061520
0300061530
9407730110
9407730210
9407730310
9407730311
9407730410
9407730411
0300061110
0300061111
0300061121
0300061610
0300061620
0300061631
0300061710
0300061720
0300061810
0300061820
0300061821
0300061830
0300061831
0300061910
0300061920
0300061921
0300061930
0300061940
0300061941
0300062010
0300062021
0300060810
0300062110
0300062111
0300062131
0300062140
0300062210
0300062220
0300062230
0300062231
0300062310
0300062320
0300062330
0300062410
0300062420
0300062430
0300062431
0300062510
0300062520
0300062610
0300062710
0300062720
0300062721
0300062810
0300062820
0300062830
9407730510
9407730610
0300070210
0300070220
0300070230
0300070231
0300070310
0300070320
0300070330
0300070341
0300070410
0300070421
0300070430
0300070440
0300070450
0300070451
0300070510
0300070520
0300070530
0300070531
0300070540
0300070541
0300070550
0300070610
0300070620
0300070630
0300070631
0300070640
0300070650
0300071510
0300071520
0300071010
0300071020
0300071030
0300071110
0300071120
0300071121
0300071130
0300071140
0300071410
0300071420
0300071431
0300071440
0300070710
0300070720
0300070721
0300070730
0300070731
0300070810
0300070820
0300070830
0300070910
0300070920
0300070930
0300070931
0300070941
0300071610
0300071620
0300071210
0300071220
0300071230
0300071240
0300071310
0300071320
0300071330
0300071331
0300071340
0300070010
0300070110
0300070120
0300070130
0300070131
0300070140
0300070141
0300080110
0300080120
0300080121
0300080130
0300080140
0300080141
0300080150
0300080151
0300080160
0300080161
0300080170
0300090010
0300100010
0300080210
0300080310
0300080320
0300080321
0300080330
0300080340
0300080410
0300080411
0300080420
0300080430
0300080431
0300080440
0300080450
0300080460
0300080461
0300080470
0300080471
0300090710
0300090720
0300090721
0300090731
0300090740
0300090750
0300100210
0300100220
0300100230
0300100240
0300100310
0300100311
0300100320
0300100321
0300100330
0300100340
0300100341
0300100350
0300100360
0300080510
0300080610
0300080611
0300080620
0300080621
0300080630
0300080640
0300080650
0300080660
0300080810
0300080811
0300080820
0300080821
0300080830
0300080841
0300091010
0300091021
0300091030
0300091040
0300091041
0300091050
0300091060
0300091110
0300091111
0300091120
0300091130
0300091140
0300091150
0300080710
0300080720
0300080721
0300080730
0300080910
0300080920
0300080930
0300080940
0300080941
0300080950
0300080960
0300080970
0300081010
0300081021
0300081031
0300081040
0300081041
0300081051
0300090110
0300090120
0300090121
0300090131
0300090140
0300090150
0300090160
0300090170
0300081110
0300081120
0300081130
0300081141
0300081150
0300081160
0300081170
0300081180
0300081190
0300091910
0300091920
0300091930
0300091940
0300091950
0300091960
0300100110
9407940310
9407940311
9407940410
9407940411
0300090210
0300090211
0300090220
0300090221
0300090231
0300090240
0300090241
0300090250
0300090260
0300090270
0300092010
0300092020
0300092021
0300092030
0300092031
0300092040
0300092041
0300092050
0300092060
0300092061
0300092070
0300090810
0300090820
0300090821
0300090831
0300090840
0300090850
0300090851
0300090860
0300090861
0300090870
0300090880
9407940110
9407940111
9407940210
9407940211
0300090310
0300090320
0300090330
0300090340
0300090341
0300090350
0300091310
0300091311
0300091321
0300091330
0300091331
0300091340
0300091341
0300091350
0300091351
0300091360
0300091370
0300091510
0300091520
0300091521
0300091530
0300091550
0300091560
0300091561
0300091570
0300091580
0300091610
0300091611
0300091620
0300091630
0300091640
0300091650
0300091651
0300091660
0300091670
0300091671
0300091710
0300091720
0300091730
0300091731
0300091740
0300091741
0300091750
0300091751
0300091760
0300091761
0300091770
0300091810
0300091820
0300091821
0300091830
0300091831
0300091840
0300090410
0300090610
0300090910
0300091210
0300091410
0300090510
0300090511
0300090521
0300090540
0300090541
0300090550
0300090551
0300090560
0300090570
0300090571
0300090580
0300090590
0300100710
0300100720
0300100721
0300100730
0300100740
0300100750
0300100760
0300100761
0300100770
0300100780
0300100790
0300100510
0300100520
0300100521
0300100530
0300100541
0300100551
0300100560
0300100570
0300100910
0300100810
0300100820
0300100830
0300100840
0300100610
0300100410
0300100420
0300100421
9407940510
9407940610
0300080010
0300110010
0300110110
0300121110
0300121120
0300121121
0300120410
0300120420
0300120421
0300120510
0300120511
0300120710
0300120720
0300120721
0300120730
0300120740
0300120750
0300120751
0300120760
0300120761
0300120770
0300120771
0300120780
0300120781
0300120790
0300121010
0300121020
0300121021
0300121030
0300121031
0300120610
0300120621
0300121410
0300121420
0300121430
0300121440
0300121450
0300121460
0300121470
0300121471
0300122010
0300122011
0300122020
0300122021
0300122031
0300122040
0300122050
0300122060
0300122061
0300122070
0300122080
0300129921
0300120810
0300120820
0300120910
0300120911
0300120920
0300120930
0300120931
0300120940
0300120941
0300121210
0300121220
0300121221
0300121231
0300121240
0300121241
0300121810
0300121811
0300121820
0300121910
0300121920
0300121930
0300121931
0300121940
0300121941
0300121950
0300129741
0300129841
0300121310
0300121320
0300121321
0300121330
0300121340
0300121510
0300121511
0300121520
0300121521
0300121610
0300121620
0300121621
0300121630
0300121710
0300121720
0300121730
0300121740
0300121741
0300121750
0300121751
0300121760
0300122110
0300122120
0300122130
0300122131
0300122210
0300122220
0300120010
0300120110
0300120120
0300130210
0300130220
0300130230
0300130231
0300130240
0300130250
0300130260
0300130261
0300130270
0300132610
0300132611
0300130611
0300130620
0300130630
0300130640
0300130650
0300130310
0300130320
0300130321
0300130330
0300130331
0300130340
0300130350
0300130351
0300130360
0300130361
0300130410
0300130411
0300130420
0300130421
0300130430
0300130440
0300130441
0300130810
0300130811
0300130820
0300130821
0300130830
0300130840
0300130850
0300139821
0300130510
0300130520
0300130521
0300130530
0300130540
0300130541
0300130550
0300131210
0300131220
0300131230
0300131231
0300131240
0300131241
0300131250
0300131251
0300131261
0300131270
0300131310
0300131410
0300131420
0300131421
0300131430
0300131431
0300131440
0300131441
0300131450
0300131460
0300131510
0300131511
0300131520
0300131530
0300131531
0300131540
0300131550
0300131551
0300131560
0300131561
0300131570
0300131580
0300131581
0300131910
0300131920
0300131930
0300131940
0300130710
0300130711
0300130910
0300130920
0300130921
0300130930
0300130931
0300130940
0300130950
0300130951
0300131011
0300131020
0300131030
0300131040
0300131041
0300131110
0300131120
0300131130
0300131140
0300131141
0300131150
0300131151
0300131160
0300131710
0300131720
0300131810
0300131820
0300131821
0300131830
0300131840
0300131841
0300131850
0300131851
0300131860
0300131861
0300131870
0300131880
0300131610
0300131611
0300131620
0300131631
0300131640
0300131650
0300132010
0300132020
0300132030
0300132040
0300132041
0300132050
0300132060
0300132061
0300132110
0300132120
0300132130
0300132131
0300132210
0300132220
0300132221
0300132230
0300132231
0300132240
0300132241
0300132250
0300132310
0300132320
0300132330
0300132410
0300132411
0300132420
0300132430
0300132440
0300132450
0300132460
0300132470
0300132510
0300132520
0300132530
0300132540
0300132550
0300132560
0300132570
0300132571
0300132580
0300132581
0300130010
0300130110
0300130120
0300130130
0300132710
0400000110
0400019910
0400010110
9408640110
9408640111
0400020110
0400020111
0400020120
0400020121
0400020130
0400020131
0400020410
0400020420
0400020421
0400020430
0400020440
0400020450
0400020460
0400020470
0400020471
0400020210
0400020220
0400020230
0400020240
0400020310
0400020320
0400020330
0400020331
0400020510
0400020520
0400020521
0400020530
0400020531
0400020541
0400020610
0400020620
0400020630
0400020640
0400020641
0400020650
0400020651
0400020660
0400020810
0400020820
0400020821
0400020830
0400020840
0400020850
0400020710
0400020720
0400020730
0400020731
0400020740
0400020741
0400020750
0400020751
0400020760
0400020910
0400020920
0400021010
0400021020
0400021030
0400021210
0400021220
0400021230
0400021110
0400021111
0400021121
0400021131
0400021140
0400021141
0400021410
0400021420
0400021430
0400021440
0400021310
0400021320
0400021510
0400021520
0400021530
0400021540
0400021550
0400021560
0400021570
0400021610
0400021611
0400021620
0400021630
0400021631
0400021640
0400021650
0400020010
0400021710
0400021720
0400021730
9110010210
9110010220
9110010230
9110010231
9110070110
9110070111
9110070121
9110070131
9110070151
9110090210
9110090211
9110090220
9110090230
9110090231
9110120110
9110120111
9110140110
9110140120
9110140130
9110140131
9110180110
9110180120
9110180121
9110180310
9110180320
9110180321
9110270110
9110270120
9110290110
9110290120
9110290121
9110290130
9110300110
9110300111
9110300120
9110300130
9110300131
9110300210
9110300220
9110300230
9110300231
9110320110
9110320120
9110320130
9110320131
9110330110
9110330111
9110330120
9110330121
9110330130
9110330131
9110350110
9110350120
9110350121
9110350130
9110350141
9110360110
9110360111
9110360120
9110360121
9110360130
9110360131
9110370110
9110370120
9110370130
9110370131
9110380110
9110380111
9110390110
9110390111
9110390120
9110390130
9110390131
9110390140
9110390141
9110410110
9110410111
9110410120
9110410121
9110410130
9110410131
9110420110
9110420121
9110420131
9110460110
9110460120
9110460121
9110460130
9110460140
9120090310
9120090311
9120090320
9120090321
9120110210
9120110211
9120130110
9120130120
9120130121
9120140110
9120140120
9120140121
9120150210
9120150220
9120150230
9120150240
9120150250
9120150251
9120160110
9120160111
9120160120
9120160121
9120160130
9120160131
9120200210
9120200211
9120200220
9120200221
9120200230
9120200231
9120210110
9120210111
9120230110
9120230111
9120230120
9120230130
9120230131
9120230210
9120230220
9120230221
9120270110
9120270111
9120270120
9120270121
9120270130
9120270131
9120300110
9120300111
9120310110
9120310120
9120310130
9120310131
9120330110
9120330111
9120330120
9120330121
9120340110
9120340120
9120340121
9120340130
9120340131
9120340140
9120340141
9120350110
9120350120
9120350121
9120380110
9120380111
9120400110
9120400111
9120400210
9120400220
9120400221
9130020110
9130020111
9130020120
9130020121
9130020130
9130020131
9130070110
9130070120
9130070130
9130070131
9130080210
9130080220
9130080230
9130080231
9130120110
9130120111
9130120210
9130120211
9130120220
9130120221
9130120230
9130120231
9130130210
9130130220
9130130230
9130130240
9130130241
9130140110
9130140120
9130140130
9130140131
9130160110
9130160120
9130160130
9130160131
9130170110
9130170120
9130170130
9130170131
9130190110
9130190120
9130190121
9130200110
9130200120
9130200130
9130200131
9130270110
9130270120
9130270121
9130280110
9130280120
9130280121
9130280130
9130280140
9130280141
9130300110
9130300120
9130300121
9130300130
9130300131
9130300140
9130300141
9130310110
9130310120
9130310121
9130330110
9130330111
9130350110
9130350130
9130350140
9130350141
9130360110
9130360111
9130390110
9130390120
9130390130
9130390131
9130410110
9130410121
9130420110
9130420121
9130420140
9130420141
9130460110
9130460111
9130460120
9130460121
9130460130
9130460131
9130470110
9130470120
9130470121
9140030210
9140030211
9140030220
9140030221
9140040110
9140040120
9140040130
9140040131
9140060110
9140060120
9140060121
9140120110
9140120111
9140120120
9140120121
9140120210
9140120211
9140120220
9140120221
9140120230
9140120231
9140130210
9140130211
9140130220
9140130221
9140130230
9140130231
9140140110
9140140120
9140140130
9140140131
9140170210
9140170220
9140170221
9140180110
9140180111
9140180120
9140180121
9140180130
9140180131
9140250110
9140250111
9140250120
9140250121
9140250130
9140250131
9140280110
9140280111
9140310110
9140310120
9140320110
9140320111
9140320120
9140320121
9140320130
9140320140
9140320141
9140340110
9140340111
9140340120
9140340121
9140380110
9140380120
9140380121
9140390110
9140390111
9140390112
9140390120
9140390121
9150010110
9150010120
9150010130
9150010131
9150050110
9150050120
9150050130
9150050131
9150070110
9150070120
9150070130
9150070131
9150090110
9150090120
9150090121
9150090210
9150090220
9150090221
9150110110
9150110120
9150110121
9150120110
9150120111
9150180110
9150180120
9150180130
9150180131
9150220110
9150220111
9150230110
9150230111
9150250110
9150250111
9150280111
9150280120
9150280121
9150280130
9150280131
9150300110
9150300111
9150300120
9150300121
9150300130
9150300131
9150300140
9150300141
9150300150
9150300151
9150300160
9150300161
9150300170
9150300171
9150300180
9150300181
9150300210
9150300211
9150300220
9150300230
9150330110
9150330120
9150330130
9150330140
9150330141
9150340110
9150340120
9150340121
9150340210
9150340211
9150350110
9150350120
9150350130
9150350131
9150350210
9150350220
9150350221
9150350230
9150350231
9150360110
9150360111
9150360120
9150360121
9150360130
9150360131
9150390110
9150390120
9150390130
9150430110
9150430120
9150430121
9150430130
9150430131
9150430140
9150430141
9160030110
9160030111
9160030120
9160030121
9160030130
9160030131
9160050210
9160050220
9160050230
9160050231
9160080110
9160080111
9160080120
9160080121
9160080210
9160080211
9160080220
9160080221
9160080231
9160080240
9160080241
9160090110
9160090111
9160110110
9160110120
9160110130
9160110131
9160120110
9160120120
9160120130
9160120131
9160150110
9160150111
9160170110
9160170120
9160170130
9160170131
9160180410
9160180411
9160210110
9160210120
9160210121
9160210210
9160210220
9160210230
9160210231
9160270110
9160270111
9160270120
9160270121
9160270130
9160270140
9160270141
9160270150
9160270151
9160270210
9160270211
9160270220
9160270221
9160290110
9160290120
9160290130
9160290131
9160300110
9160300120
9160300121
9160310110
9160310111
9160310120
9160310121
9160310130
9160310131
9160320110
9160320111
9160350110
9160350120
9160350130
9160350131
9160360110
9160360111
9160360120
9160360121
9160360210
9160360211
9160360220
9160360230
9160360240
9160360250
9160360251
9160370110
9160370111
9160370120
9160370121
9160370130
9160370131
9160370210
9160370220
9160370230
9160370231
9160380110
9160380120
9160380121
9170020210
9170020220
9170020221
9170090110
9170090120
9170090130
9170090131
9170140110
9170140111
9170140210
9170140211
9170200110
9170200120
9170200121
9170200210
9170200220
9170200230
9170200231
9170230110
9170230111
9170230210
9170230220
9170230221
9170240110
9170240111
9170240120
9170240121
9170240130
9170240140
9170240141
9170250110
9170250120
9170250121
9170270110
9170270120
9170270130
9170270140
9170270141
9170300110
9170300120
9170300130
9170300131
9170320110
9170320111
9170330110
9170330120
9170330130
9170340110
9170340111
9170390110
9170390120
9190010110
9190010120
9190010130
9190010131
9190010210
9190010220
9190010221
9190010310
9190010320
9190010330
9190010331
9190020110
9190020120
9190020130
9190020131
9190020210
9190020220
9190020221
9190050110
9190050111
9190050120
9190050130
9190050131
9190060110
9190060120
9190060121
9190080110
9190080111
9190080120
9190080121
9190080130
9190080131
9190080140
9190080141
9110910110
9110910120
9110910121
9110910130
9110910140
9110910141
9110970110
9110970111
9111020110
9111020111
9111020120
9111020121
9111020210
9111020220
9111020230
9111020240
9111030110
9111030111
9111030120
9111030130
9111030131
9111030210
9111030220
9111030230
9111030231
9111040110
9111040111
9111040120
9111040121
9111050110
9111050111
9111050120
9111050121
9111050130
9111050131
9111060110
9111060120
9111060130
9111060131
9123030110
9123030120
9123030121
9123030130
9123030131
9125010110
9125010120
9125010130
9125010140
9125010141
9125010150
9125020110
9125020120
9125020121
9125040110
9125040120
9125040121
9125040130
9125040140
9125040150
9125060110
9125060111
9125060120
9125060130
9125060131
9125060210
9125060211
9125060220
9125060221
9125060230
9125060231
9125060240
9125060250
9125060251
9400120110
9400120111
9400120210
9400120211
9400120310
9400120311
9400120410
9400120411
9400120510
9400120511
9400120610
9400120611
9400120710
9400120711
9400120810
9400120811
9400090110
9400090111
9400090210
9400090211
9400090310
9400090320
9400090321
9400090410
9400090411
9400090510
9400090511
9400090610
9400090611
9400910110
9400910111
9400910210
9400910211
9400910310
9400910311
9400910410
9400910420
9400910421
9400910510
9400910511
9400910610
9400910611
9400910710
9400910720
9400910721
9400040110
9400040111
9400040210
9400040220
9400040221
9400040310
9400040311
9400040410
9400040420
9400040421
9400040510
9400040511
9400150110
9400150111
9400150210
9400150211
9400150310
9400150311
9400150410
9400150411
9400150510
9400150610
9400150611
9400180110
9400180111
9400180210
9400180230
9400180231
9400180310
9400180311
9400180320
9400180321
9400180410
9400180411
9400180510
9400180511
9400181010
9400181011
9400181020
9400181021
9400181030
9400181031
9400280110
9400280111
9400280210
9400280220
9400280221
9400280310
9400280320
9400280321
9400280410
9400280411
9400280510
9400280511
9400280610
9400280620
9400280621
9400280710
9400280711
9400280810
9400280811
9400370110
9400370120
9400370130
9400377011
9400377111
9400377211
9400377311
9400377411
9400377511
9400377611
9400377710
9400377711
9400390110
9400390210
9400390211
9400390310
9400390311
9400390410
9400390411
9400390510
9400390511
9400390610
9400390611
9400390710
9400390711
9400390810
9400390811
9400710110
9401130110
9401130210
9401130211
9401130310
9401130410
9401130510
9401130610
9401130620
9401130621
9401130710
9401130810
9401130910
9401131010
9401131011
9401131110
9401131210
9401131211
9401131310
9401131311
9401560110
9401560120
9401560121
9401560130
9401560140
9401560141
9401560150
9401560151
9401560210
9401560220
9401560221
9401560310
9401560311
9401560320
9401560321
9401560330
9401560331
9401560410
9401560411
9401560420
9401560421
9401560430
9401560431
9401560510
9401560511
9401560610
9401561010
9401610110
9401610210
9401610211
9401880110
9401880111
9401880210
9401880211
9401880310
9401880311
9401880410
9401880411
9401880510
9401880511
9401880610
9401880611
9401880710
9401880711
9401880810
9401880811
9401880820
9401880821
9401880830
9401880831
9402000110
9402000120
9402000210
9402000310
9402000311
9402000410
9402000411
9402000510
9402000511
9402000610
9402000611
9402000710
9402000711
9402000810
9402000811
9402000910
9402000911
9402001010
9402001011
9402001110
9402001111
9402001210
9402001211
9402001310
9402080010
9402081110
9402081111
9402081210
9402390110
9402390210
9402390310
9402390410
9402390411
9402390510
9402390610
9402390710
9402390810
9402390910
9402391010
9402900110
9402900210
9402900211
9403130110
9403130120
9403130130
9403130131
9403130210
9403130220
9403130230
9403130310
9403130311
9403130320
9403130330
9403130410
9403130420
9403130510
9403130520
9403130521
9403130610
9403130620
9403130710
9403130720
9403130810
9403130820
9403130830
9403130910
9403130911
9403130920
9403130921
9403131010
9403350110
9403350111
9403350210
9403350211
9403350310
9403350321
9403350410
9403350411
9403350510
9403350511
9403350611
9403350710
9403350720
9403350721
9403350730
9403460110
9403460111
9403460210
9403460220
9403460310
9403460410
9403460411
9403460510
9403460511
9403460520
9403460610
9403730110
9403730210
9403730310
9403730311
9403730410
9403730510
9403730610
9403730710
9403730810
9403730811
9403730910
9403731010
9403731110
9403731210
9403731310
9403731410
9403731510
9403731610
9403731710
9403731810
9403731910
9403732010
9403732110
9400240110
9400240111
9400240210
9400240211
9400240310
9400240311
9400240410
9400240411
9400240510
9400240511
9400240610
9400240611
9400240710
9400240720
9400240721
9404090110
9404090210
9404090211
9404090310
9404090410
9404090411
9404090510
9404090511
9404300110
9404300210
9404300211
9404300310
9404300311
9404300410
9404300411
9404300510
9404300511
9404300610
9404300611
9404300710
9404300711
9404300810
9404490110
9404490120
9404490121
9404490130
9404490210
9404490220
9404490310
9404490320
9404490410
9404490420
9404490510
9404490520
9404490610
9404490620
9404490710
9404490810
9404490820
9404490910
9404490920
9404491010
9404491020
9404491110
9404491120
9404491210
9404491220
9404491221
9404491310
9404590110
9404590111
9404590210
9404590220
9404590221
9404590310
9404590311
9404590410
9404590411
9404590510
9404590520
9404590521
9404590610
9404590611
9404590710
9404590720
9404590721
9404590810
9404590820
9404650110
9404650210
9404650211
9404650220
9404650221
9404650310
9404650311
9404650410
9404650411
9404650420
9404650430
9404650431
9404650510
9404650511
9404650610
9404650611
9404650710
9404650711
9404650810
9405260110
9405260210
9405420110
9405420120
9405420210
9405420211
9405420310
9405420320
9405420321
9405420410
9405420420
9405420421
9405420510
9405420511
9405420610
9405420620
9405420621
9405420710
9405420720
9405420721
9405420810
9405420820
9405420830
9405420831
9405420910
9405610110
9405610120
9405610121
9405610210
9405610310
9405610311
9405610410
9405610411
9405610510
9405610511
9405610610
9405610611
9405610710
9405610711
9405610810
9405610820
9405610830
9405610831
9405610910
9405650110
9405650210
9405650220
9405650230
9405650240
9405650310
9405650320
9405650410
9405650411
9405650420
9405650510
9405650520
9405650610
9405650611
9405650710
9405650810
9405675010
9405710010
9405710110
9405710120
9405710121
9405710130
9405710140
9405710150
9405710210
9405710211
9405710220
9405710310
9405710311
9405710320
9405710410
9405710411
9405710420
9405710510
9405710511
9405710520
9405710610
9405710611
9405710620
9405710710
9405710810
9405710811
9405710820
9405710910
9405710911
9405710920
9405711010
9405711011
9405711020
9405711110
9405711120
9405711210
9405711211
9405711220
9405711230
9405711240
9405711310
9406430110
9406430210
9406430310
9406430320
9406430321
9406430330
9406430340
9406430341
9406430410
9406430411
9406430420
9406430421
9406430431
9406430441
9406430510
9406430511
9406430520
9406430531
9406430541
9406430610
9406430611
9406430620
9406430631
9406430641
9406430710
9406430711
9406430720
9406430731
9406430741
9406430810
9406430811
9406430820
9406430821
9406430830
9406430910
9406640110
9406640210
9406640211
9406640310
9406640311
9406640410
9406640411
9406640510
9406640511
9406640610
9406640620
9406640621
9406640710
9406640711
9406640810
9406640811
9406640910
9406700110
9406700210
9406700220
9406700221
9406700310
9406700311
9406700410
9406700411
9406700510
9406700511
9406700610
9406700611
9406700710
9406700810
9406700820
9406700830
9406700840
9406700841
9406700910
9406721010
9406721110
9406721210
9406721310
9406721410
9406721510
9406721610
9406721710
9406760110
9406760410
9406760610
9406770110
9406770210
9406770211
9406770310
9406770410
9406770411
9406770510
9406770610
9406770611
9406770710
9406770711
9407270110
9407270210
9407270211
9407270310
9407270311
9407270410
9407270510
9407270610
9407270611
9407270710
9407270720
9407270810
9407270820
9407270830
9407270910
9407270911
9407271010
9407271020
9407271021
9407271110
9407271210
9407271211
9407271310
9407271320
9407271330
9407271331
9407271410
9407271420
9407271421
9407271510
9407271511
9407271610
9407271620
9407620110
9407620210
9407620211
9407620220
9407620221
9407620230
9407620310
9407620311
9407620320
9407620330
9407620331
9407620340
9407620410
9407620411
9407620510
9407620520
9407620521
9407620530
9407620610
9407620620
9407620630
9407620631
9407620640
9407620710
9407620720
9407620721
9407620810
9407620811
9407620820
9407620910
9407770110
9407770111
9407770120
9407770310
9407770510
9407770610
9408000110
9408000210
9408000211
9408000310
9408000320
9408000410
9408000411
9408000510
9408000511
9408000520
9408000610
9408000611
9408000710
9408000711
9408000810
9408000811
9408180110
9408180210
9408180310
9408180311
9408180410
9408180510
9408180610
9408180620
9408180710
9408180711
9408180810
9408180811
9408180812
9408180910
9408360110
9408360120
9408360130
9408360210
9408360220
9408500010
9408500020
9408500110
9408500111
9408500210
9408500310
9408500311
9408500410
9408500510
9408500511
9408500610
9408500710
9408500711
9408500810
9408500910
9408500911
9408501010
9408501020
9408501110
9408501111
9408501210
9408501310
9408501311
9408501410
9408501510
9408501511
9408501610
9408501710
9408501720
9408501721
9408501810
9408501910
9408501911
9408501920
9408501930
9408501940
9408880110
9408880111
9408880210
9408880220
9408880221
9408880310
9408880320
9408880321
9408880410
9408880411
9408880510
9408880520
9408880521
9408880610
9408880611
9408880620
9408880621
9408880630
9408880631
9408880710
9408880711
9408880720
9408880721
9408880810
9408880910
9408880911
9408880920
9408880921
9408880930
9408880931
9408881010
9408881011
9408889811
9409090110
9409090120
9409090210
9409090211
9409090310
9409090311
9409090410
9409090411
9409090510
9409090511
9409090610
9409090611
9400050110
9400050111
9400050210
9400050231
9400050310
9400050321
9400050331
9400050410
9400050421
9400050431
9400050510
9400050531
9400050541
9400050610
9400050631
9400050640
9400050641
9400050710
9400050740
9400050741
9400210210
9400210211
9400210310
9400210311
9400210410
9400210411
9400210510
9400210511
9400210610
9400210611
9400210710
9400210711
9400210910
9400210911
9400211010
9400211011
9400211110
9400211210
9400211310
9400211410
9400211411
9400211510
9400211511
9400210110
9400210111
9400210810
9400210811
9400211610
9400211611
9400310110
9400310111
9400310310
9400310910
9400311010
9400311011
9400310210
9400310211
9400310410
9400310511
9400310610
9400311110
9400311111
9400310710
9400310711
9400310810
9400310811
9400311210
9400311310
9400311311
9400311410
9400311411
9400311510
9400311610
9400311710
9400311810
9400311811
9400311910
9400311911
9400450210
9400450211
9400450220
9400450230
9400450240
9400450250
9400450310
9400450311
9400450320
9400450330
9400450331
9400450410
9400450511
9400450610
9400450611
9400450710
9400450711
9400450910
9400451011
9400451110
9400451120
9400451130
9400451131
9400451210
9400451311
9400451410
9400451510
9400451511
9400470110
9400450810
9400450811
9400560310
9400560320
9400560330
9400560331
9400560410
9400560411
9400560420
9400560421
9400560430
9400560431
9400560510
9400560511
9400560520
9400560521
9400560611
9400560620
9400560621
9400560631
9400560710
9400560711
9400560810
9400560820
9400560821
9400570110
9400570210
9400570310
9400570410
9400570510
9400570610
9400570710
9400570810
9400570910
9400571010
9400571110
9400571210
9400571310
9400571410
9400580110
9400580210
9400580310
9400580410
9400580510
9400580610
9400580710
9400580810
9400580910
9400581010
9400581110
9400581210
9400581310
9400581410
9400581510
9400581610
9400581710
9400581810
9400581910
9400582010
9400582110
9400582210
9400582310
9400582410
9400582510
9400582610
9400582710
9400582810
9400582910
9400583010
9400583110
9400583210
9400583310
9400583410
9400583510
9400583610
9400583710
9400583810
9400583910
9400584010
9400584110
9400584210
9400584310
9400584410
9400584510
9400566010
9400566011
9400566110
9400566111
9400566210
9400566211
9400566310
9400566311
9400560110
9400560120
9400560121
9400560130
9400560131
9400560210
9400560220
9400560221
9400610310
9400610311
9400610410
9400610411
9400610510
9400610511
9400610610
9400610620
9400610621
9400610710
9400610720
9400610730
9400610731
9400610810
9400610820
9400610830
9400610831
9400610910
9400611010
9400616010
9400616011
9400617010
9400620110
9400620210
9400620310
9400620410
9400620510
9400620610
9400620710
9400620810
9400620910
9400621010
9400621110
9400621210
9400621510
9400621610
9400621710
9400621810
9400621910
9400622010
9400622110
9400622210
9400622310
9400622410
9400622510
9400622610
9400622710
9400622810
9400622910
9400623010
9400623110
9400623210
9400623310
9400623410
9400623510
9400623610
9400623710
9400623810
9400623910
9400624010
9400624110
9400624210
9400624310
9400624410
9400624510
9400624610
9400624710
9400624810
9400624910
9400625010
9400616210
9400616220
9400616230
9400616231
9400616110
9400616111
9400610110
9400610111
9400610210
9400616310
9400616320
9400616321
9400640110
9400640111
9400640210
9400642110
9400642210
9400642211
9400642910
9400643011
9400660110
9400640410
9400640711
9400660210
9400669911
9400640310
9400640311
9400642310
9400642311
9400650110
9400650111
9400641010
9400641311
9400660610
9400640810
9400640910
9400640911
9400640920
9400640921
9400641610
9400642011
9400661010
9400641410
9400641510
9400641511
9400651310
9400642410
9400642811
9400643110
9400643111
9400643210
9400643311
9400643810
9400661810
9400662211
9400650210
9400650710
9400651910
9400661410
9400650810
9400651410
9400652010
9400770110
9400770111
9400770810
9400770811
9400770210
9400770211
9400770910
9400770911
9400770310
9400770320
9400770321
9400771011
9400770410
9400770420
9400770430
9400770431
9400771110
9400771111
9400770510
9400770511
9400771210
9400770610
9400770620
9400770621
9400771311
9400770710
9400770711
9400771410
9400771411
9400771510
9400771511
9401190010
9401190110
9401190111
9401190120
9401190131
9401190141
9401190150
9401190151
9401190211
9401190310
9401190311
9401190320
9401190321
9401190410
9401190510
9401190511
9401190520
9401190610
9401191010
9401190710
9401190711
9401190910
9401190911
9401190810
9401191110
9401191111
9401191210
9401191211
9401191310
9401191311
9401191410
9401191420
9401191430
9401191431
9401191440
9401191441
9401191450
9401191511
9401191611
9401191710
9401191711
9401191721
9401191730
9401191731
9401191740
9401191741
9401191750
9401191810
9401191811
9401191820
9401191910
9401191911
9401191920
9401191921
9401191930
9401191931
9401191940
9401191950
9401192010
9401192110
9401192210
9401192220
9401192310
9401192710
9401192711
9401500910
9401500911
9401501110
9401501310
9401501510
9401501710
9401501010
9401501011
9401501210
9401501220
9401501221
9401501410
9401501420
9401501421
9401501430
9401501431
9401501610
9401501620
9401501621
9401500110
9401500210
9401500310
9401500410
9401500510
9401500610
9401500710
9401500810
9401500811
9401500820
9401500830
9401530210
9401530220
9401530221
9401530310
9401530311
9401530510
9401530710
9401530720
9401530721
9401530810
9401530910
9401530920
9401531110
9401530410
9401530411
9401531010
9401531020
9401531021
9401531030
9401531031
9401531040
9401531210
9401531220
9401531310
9401531410
9401531510
9401531610
9401531710
9401531810
9401531910
9401532010
9401532020
9401532021
9401532110
9401532210
9401532310
9401532410
9401532510
9401532610
9401530610
9401530611
9401530620
9401530110
9401530111
9401530120
9401760210
9401760211
9401760710
9401760711
9401760310
9401760311
9401760810
9401760811
9401760410
9401760411
9401760910
9401760911
9401760510
9401760520
9401760521
9401761010
9401761011
9401760610
9401760611
9401761110
9401761111
9401761210
9401761211
9401761610
9401761310
9401761311
9401761410
9401761420
9401761421
9401761510
9401760110
9401760111
9402330110
9402330111
9402330210
9402330610
9402330620
9402330310
9402330410
9402330510
9402330520
9402330530
9402330531
9402330710
9402330810
9402330910
9402490110
9402490111
9402491310
9402490310
9402490311
9402490410
9402490610
9402490810
9402490510
9402490511
9402490710
9402490711
9402490910
9402490911
9402491010
9402491011
9402491110
9402491210
9402490210
9402490010
9402750110
9402750210
9402750211
9402750220
9402750221
9402751110
9402754010
9402754110
9402750310
9402750320
9402750321
9402750410
9402750710
9402750711
9402750810
9402750820
9402750821
9402750910
9402751010
9402751011
9402751210
9402751220
9402751410
9402751610
9402751611
9402751710
9402751711
9402751810
9402751811
9402751910
9402751911
9402752010
9402752011
9402752110
9402752210
9402752410
9402752510
9402752610
9402752611
9402752710
9402753010
9402753011
9402753110
9402753111
9402753310
9402753320
9402753610
9402753611
9402753710
9402753711
9402753720
9402753721
9402753730
9402753731
9402753810
9402753820
9402753830
9402753840
9402770310
9402770311
9402770410
9402770411
9402770610
9402770710
9402770711
9402770810
9402770811
9402770910
9402770911
9402771010
9402750510
9402751310
9402751311
9402751510
9402751511
9402750610
9402750611
9402752810
9402752811
9402752910
9402752911
9402753410
9402753411
9402753510
9402753511
9402770110
9402770111
9402770120
9402770121
9402770210
9402770510
9402752310
9402753210
9402753211
9402754210
9402754310
9402754410
9402754510
9402754610
9402754710
9402754810
9402754910
9402755010
9402755110
9402755210
9402755310
9402755410
9402755510
9402755610
9402755710
9402755810
9402755910
9402756010
9402756110
9402756210
9402756310
9402753910
9402753911
9403010110
9403010120
9403010121
9403010130
9403010131
9403010810
9403010820
9403010910
9403011011
9403011111
9403011120
9403010210
9403010211
9403010310
9403010311
9403010320
9403010321
9403010410
9403010411
9403010420
9403010421
9403010510
9403010520
9403010521
9403010610
9403010611
9403010620
9403010621
9403010710
9403010711
9403010720
9403010721
9403011210
9403011211
9403011310
9403220110
9403220111
9403220120
9403220121
9403220130
9403220410
9403220810
9403220821
9403220910
9403220911
9403221310
9403221311
9403221410
9403221411
9403221510
9403221511
9403221910
9403221920
9403221921
9403222010
9403230110
9403230111
9403230210
9403230211
9403230310
9403230311
9403230410
9403230411
9403220210
9403220310
9403220510
9403220511
9403220610
9403220611
9403221110
9403221111
9403221120
9403221210
9403221211
9403221610
9403221611
9403221710
9403220710
9403220711
9403221010
9403221011
9403221810
9403450110
9403451010
9403451011
9403500110
9403500120
9403500130
9403500210
9403500220
9403500221
9403500310
9403500311
9403500610
9403500410
9403500510
9403500710
9403500711
9403500810
9403500911
9403501010
9403501011
9403501110
9403501210
9403501211
9403501410
9403501310
9403507611
9403507511
9403501510
9403501511
9403501610
9403501710
9403501711
9403501810
9403501910
9403502111
9403507711
9403502010
9403502011
9403502210
9403502311
9403502410
9403502611
9403507811
9403502710
9403502510
9403502511
9403503410
9403503411
9403502810
9403502910
9403503010
9403503110
9403503111
9403503210
9403503211
9403503220
9403503230
9403503231
9403503240
9403503310
9403503320
9403503510
9403503511
9403503520
9403503530
9403503540
9403503550
9403504010
9403504020
9403503610
9403503620
9402491410
9402491510
9402492010
9402491810
9402491610
9402492310
9402492311
9402491710
9402491910
9402492110
9402492210
9403660110
9403660120
9403660130
9403660210
9403660211
9403660220
9403660230
9403660231
9403660240
9403660250
9403660251
9403660810
9403660820
9403660821
9403660830
9403660831
9403660840
9403660310
9403660320
9403660330
9403660340
9403660341
9403660410
9403660411
9403660420
9403660430
9403660510
9403660520
9403660610
9403660611
9403660620
9403660710
9403660720
9403660730
9403660740
9403660741
9403660910
9403660920
9403661010
9403661110
9403661120
9403661121
9403661310
9403661311
9403661320
9403661330
9403661340
9403661410
9403661211
9403663011
9403663110
9403663111
9403663211
9403663311
9403663410
9403663411
9403840610
9403840210
9403840220
9403840221
9403840710
9403840810
9403840811
9403840814
9403841310
9403841320
9403841321
9403850110
9403850210
9403850610
9403850611
9403860110
9403840310
9403840311
9403840320
9403840321
9403840410
9403840420
9403840421
9403840510
9403840511
9403850510
9403850511
9403840910
9403841010
9403841011
9403850810
9403850811
9403841110
9403841120
9403841121
9403841210
9403841211
9403841220
9403841410
9403841420
9403841421
9403880110
9403880910
9403880920
9403880921
9403841510
9403841511
9403841610
9403841620
9403841621
9403841710
9403841711
9403841720
9403841810
9403880210
9403880310
9403880410
9403880510
9403880610
9403880710
9403880810
9403850710
9403850711
9403850410
9403850411
9403850310
9403850311
9403840110
9403840111
9403914210
9403914310
9404012910
9404012920
9404012921
9404013010
9404013110
9404013210
9404013310
9404020110
9404020111
9404020210
9404020211
9404020310
9404020311
9404020410
9404020420
9404020421
9404020510
9404020511
9404020610
9404020710
9404020711
9404020810
9404020910
9404020920
9404020921
9404021010
9404021020
9404021021
9404012010
9404012110
9404012210
9404012310
9404012311
9404012410
9404012411
9404012510
9404012610
9404012710
9404012810
9404012811
9404022110
9404010310
9404010320
9404010321
9404010410
9404010420
9404010421
9404010510
9404010520
9404010521
9404022410
9404039010
9404010610
9404010620
9404010621
9404010710
9404010720
9404010721
9404010730
9404010740
9404010741
9404010810
9404010820
9404010830
9404010840
9404010841
9404022510
9404010910
9404010911
9404011010
9404011011
9404011110
9404011111
9404011210
9404011211
9404011220
9404011310
9404011320
9404011321
9404011330
9404011331
9404022010
9404011410
9404011411
9404011510
9404011511
9404011610
9404011611
9404022310
9404011710
9404011711
9404011810
9404011820
9404011821
9404011910
9404011911
9404022210
9404010110
9404010210
9404010220
9404010221
9404010230
9404010231
9404191410
9404191420
9404191421
9404191430
9404191440
9404191441
9404191450
9404191451
9404191460
9404191461
9404193010
9404193011
9404194510
9404190210
9404190310
9404190320
9404190321
9404190330
9404190331
9404190340
9404190410
9404190421
9404190430
9404190431
9404191610
9404190510
9404190511
9404190610
9404190611
9404190710
9404190720
9404190721
9404190730
9404194010
9404194110
9404190810
9404190820
9404190830
9404190831
9404190910
9404190911
9404190920
9404190921
9404194210
9404199110
9404191010
9404191020
9404191110
9404191120
9404191121
9404191130
9404194310
9404191210
9404191211
9404191220
9404191310
9404191311
9404191320
9404191321
9404194410
9404199410
9404191510
9404191520
9404191530
9404191538
9404191540
9404191710
9404191720
9404191730
9404190110
9404190112
9404190120
9404770310
9404770410
9404770510
9404770710
9404770711
9404770810
9404770910
9404770911
9404771010
9404771110
9404771111
9404771210
9404771310
9404771311
9404771410
9404771510
9404771610
9404771611
9404771710
9404771810
9404771811
9404771910
9404772010
9404772011
9404772110
9404772210
9404772211
9404772310
9404772410
9404772411
9404772510
9404772511
9404772610
9404772611
9404772710
9404772711
9404772810
9404772910
9404772911
9404773010
9404773110
9404773111
9404773210
9404773310
9404773311
9404773410
9404773510
9404773610
9404773611
9404773710
9404773810
9404773811
9404773910
9404774010
9404774011
9404774110
9404774210
9404774211
9404774310
9404774410
9404774510
9404774511
9404774520
9404774610
9404774620
9404774710
9404774720
9404774730
9404774810
9404774820
9404774821
9404774910
9404774920
9404774930
9404774931
9404775010
9404775020
9404775030
9404775040
9404775050
9404775060
9404775070
9404775071
9404775110
9404775210
9404775310
9404775410
9404775411
9404775415
9404775510
9404775511
9404775515
9404775610
9404775710
9404775711
9404775715
9404775810
9404775811
9404775815
9404775910
9404776010
9404776110
9404776210
9404776310
9404776311
9404776315
9404776410
9404776411
9404776415
9404776510
9404776610
9404776710
9404776810
9404776910
9404776911
9404776915
9404777010
9404777011
9404777015
9404777110
9404777210
9404777310
9404777410
9404777510
9404777610
9404777710
9404777711
9404777715
9404777810
9404777811
9404777815
9404777910
9404778010
9404778110
9404778210
9404778310
9404778410
9404778510
9404778511
9404778515
9404778610
9404778611
9404778615
9404778710
9404778810
9404778910
9404779010
9404779110
9404779210
9404779310
9404779410
9404779411
9404779415
9404779510
9404779511
9404779515
9404779610
9404779710
9404779810
9404779910
9404780010
9404780110
9404780210
9404780310
9404780311
9404780315
9404780410
9404780411
9404780415
9404780510
9404780610
9404780710
9404780810
9404780910
9404781010
9404781110
9404781111
9404781115
9404781210
9404781211
9404781215
9404781310
9404781410
9404781510
9404781610
9404781710
9404781720
9404781721
9404781725
9404781730
9404781810
9404781811
9404781815
9404781820
9404781910
9404781911
9404781915
9404781920
9404782010
9404782011
9404782015
9404782020
9404782110
9404782111
9404782115
9404782120
9404782210
9404782211
9404782215
9404782310
9404782311
9404782315
9404782410
9404782420
9404782421
9404782430
9404782431
9404782510
9404782511
9404782520
9404782521
9404782530
9404782540
9404782541
9404782560
9404782561
9404782610
9404770210
9404770110
9405140310
9405140410
9405140710
9405140711
9405140720
9405140721
9405140730
9405140910
9405141110
9405141310
9405141311
9405141320
9405141321
9405141710
9405150810
9405150820
9405150821
9405160810
9405160910
9405160110
9405160310
9405160410
9405141410
9405141411
9405141420
9405141430
9405141431
9405160210
9405160510
9405160610
9405151210
9405151211
9405150710
9405150711
9405140510
9405140520
9405140521
9405140610
9405140611
9405141210
9405141220
9405141221
9405141230
9405141240
9405141241
9405141250
9405141260
9405161710
9405161810
9405161010
9405161210
9405161310
9405161410
9405161110
9405161510
9405141010
9405141020
9405141030
9405141040
9405141041
9405141510
9405141511
9405141520
9405151010
9405151020
9405151021
9405140810
9405140811
9405150410
9405150411
9405150910
9405141610
9405141611
9405141810
9405141811
9405142310
9405142410
9405142411
9405150310
9405150110
9405151110
9405151111
9405151120
9405151121
9405142010
9405142020
9405142021
9405142030
9405142040
9405142110
9405142121
9405142130
9405142140
9405142150
9405142160
9405142170
9405142171
9405142210
9405150510
9405150511
9405150210
9405150220
9405150221
9405150610
9405150620
9405150621
9405160710
9405141910
9405141911
9405141920
9405141921
9405141930
9405141931
9405141940
9405141941
9405161610
9405140110
9405140210
9405140220
9405140230
9405140231
9404910210
9404910220
9404910230
9404910231
9404910240
9404910241
9404910310
9404910320
9404910321
9404910410
9404910420
9404910421
9404910510
9404910511
9404910520
9404910610
9404910620
9404910621
9404910630
9404910710
9404910720
9404910721
9404910910
9404911010
9404911011
9404911310
9404912010
9404912110
9404912210
9404912310
9404912410
9404912510
9404912610
9404912710
9404912910
9404912911
9404910810
9404910820
9404912810
9404911110
9404911120
9404911130
9404911210
9404911211
9404911212
9404911220
9404911221
9404910110
9404910120
9405340210
9405340220
9405340221
9405340230
9405340231
9405340240
9405340310
9405340311
9405340320
9405340410
9405340510
9405340511
9405340520
9405340521
9405340530
9405340531
9405340610
9405340611
9405340710
9405340711
9405340810
9405340910
9405340911
9405341010
9405341011
9405341110
9405341111
9405341210
9405341211
9405341310
9405341311
9405341410
9405341430
9405341431
9405341510
9405341610
9405341710
9405341810
9405341811
9405341820
9405341821
9405341831
9405341840
9405341850
9405341851
9405341860
9405341910
9405342010
9405342020
9405342030
9405342210
9405342310
9405342810
9405342910
9405342410
9405342411
9405342510
9405342511
9405342610
9405342611
9405342710
9405342711
9405342150
9405342151
9405340110
9405340121
9405530210
9405530211
9405530310
9405530311
9405530320
9405530410
9405530510
9405530511
9405530610
9405530710
9405530720
9405530730
9405530731
9405530810
9405530910
9405530920
9405530921
9405531010
9405531110
9405531120
9405531130
9405531131
9405531210
9405531220
9405531230
9405531240
9405531250
9405531310
9405531320
9405530110
9405530120
9405530130
9405790211
9405790220
9405790231
9405790240
9405790250
9405790260
9405790270
9405790271
9405790810
9405790811
9405790820
9405790821
9405790830
9405790831
9405790840
9405800210
9405790310
9405790320
9405790330
9405790331
9405790410
9405790420
9405790421
9405790431
9405790440
9405790441
9405790610
9405790611
9405790620
9405790621
9405790710
9405790711
9405790720
9405790730
9405790740
9405790750
9405790760
9405790761
9405791110
9405790910
9405790911
9405791010
9405791020
9405791030
9405791031
9405791040
9405791041
9405791050
9405790510
9405790520
9405800110
9405800310
9405790010
9405790110
9405790111
9405790120
9405790121
9405790130
9405790131
9405790140
9406040210
9406040220
9406040221
9406050310
9406050311
9406050320
9406050321
9406050330
9406050410
9406050411
9406050421
9406050430
9406050440
9406050450
9406040410
9406040411
9406040420
9406040421
9406040430
9406040431
9406040440
9406040450
9406040451
9406040460
9406040510
9406040511
9406040520
9406040530
9406040531
9406040540
9406040541
9406040610
9406040620
9406040710
9406040720
9406040721
9406040730
9406040740
9406040741
9406040750
9406040751
9406040810
9406040820
9406040830
9406040831
9406040840
9406040841
9406040850
9406040851
9406040910
9406040911
9406040920
9406040930
9406040940
9406040941
9406040950
9406040951
9406040960
9406040961
9406040970
9406040971
9406041210
9406050110
9406050120
9406050121
9406050210
9406050211
9406050510
9406050520
9406050530
9406050540
9406050550
9406050610
9406050611
9406050710
9406050711
9406040310
9406040311
9406040320
9406040321
9406040330
9406041010
9406041011
9406041020
9406041021
9406041030
9406041040
9406041110
9406041111
9406041120
9406041121
9406041130
9406041131
9406041140
9406050810
9406050910
9406051010
9406051110
9406051210
9406051220
9406040110
9406040112
9406220210
9406220220
9406220230
9406220240
9406220241
9406220250
9406220260
9406220261
9406220411
9406220420
9406220430
9406220431
9406220440
9406220441
9406220510
9406220520
9406220530
9406220540
9406220541
9406220550
9406220551
9406220710
9406220711
9406220720
9406220730
9406220731
9406220810
9406220811
9406220820
9406220830
9406220910
9406220911
9406220920
9406220930
9406220931
9406220940
9406220950
9406220951
9406220960
9406220110
9406220310
9406220320
9406220330
9406220331
9406220340
9406220350
9406220360
9406220361
9406220370
9406220371
9406220610
9406220611
9406220620
9406220630
9406220631
9406221010
9406280310
9406280311
9406280320
9406280321
9406280410
9406280420
9406280430
9406280440
9406280441
9406280710
9406280720
9406280721
9406280510
9406280520
9406280810
9406280820
9406280830
9406280910
9406281010
9406280610
9406280620
9406280621
9406280210
9406280211
9406280110
9406370210
9406370220
9406370221
9406370230
9406370310
9406370320
9406370321
9406370510
9406370521
9406370530
9406370531
9406370610
9406370611
9406371010
9406371020
9406371310
9406370410
9406370420
9406370421
9406370710
9406370720
9406371110
9406371120
9406371210
9406371220
9406371230
9406371231
9406380110
9406380810
9406380811
9406380610
9406370810
9406370811
9406370910
9406370911
9406370920
9406380710
9406380310
9406380410
9406380510
9406380210
9406370110
9406490110
9406490210
9406490220
9406490230
9406490240
9406490310
9406490320
9406490410
9406490510
9406490520
9406490530
9406490531
9406490540
9406490550
9406491210
9406491220
9406491230
9406490610
9406490620
9406490630
9406491010
9406491020
9406490710
9406490720
9406490810
9406490820
9406490910
9406491310
9406491320
9406491330
9406491110
9406491120
9406491121
9406491130
9406491410
9406491420
9406491430
9406491510
9406570810
9406570820
9406570830
9406570211
9406570311
9406570411
9406570510
9406570610
9406570710
9406570910
9406570920
9406570930
9406571010
9406570110
9406880210
9406880220
9406880230
9406880241
9406882010
9406880510
9406880520
9406880610
9406880620
9406880810
9406880910
9406880920
9406880930
9406881020
9406881030
9406881110
9406881310
9406881410
9406881610
9406881710
9406881910
9406881930
9406881940
9406881950
9406900110
9406900210
9406900310
9406900410
9406900510
9406900610
9406900710
9406900810
9406900910
9406901010
9406901110
9406901210
9406901310
9406901410
9406901510
9406901610
9406901710
9406901810
9406901910
9406902010
9406902110
9406902210
9406902310
9406902410
9406902510
9406880310
9406880311
9406880320
9406880410
9406880420
9406880710
9406880720
9406881510
9406881511
9406881810
9406881820
9406881821
9406881830
9406881840
9406881220
9406880110
9406880111
9406960210
9406960211
9406960220
9406960221
9406960310
9406960320
9406960410
9406960411
9406960510
9406960511
9406960520
9406960521
9406960610
9406960611
9406960620
9406960710
9406960711
9406960810
9406960820
9406960821
9406960910
9406960920
9406960921
9406960930
9406961010
9406961110
9406961111
9406961120
9406961121
9406961210
9406961220
9406961221
9406961230
9406961240
9406961310
9406961311
9406961410
9406961411
9406961420
9406961430
9406961510
9406961520
9406961530
9406961531
9406961540
9406961541
9406961550
9406961610
9406961611
9406961620
9406961630
9406961631
9406961710
9406961720
9406960110
9406960120
9406960121
9406960130
9406960131
9406960140
9407142010
9407142110
9407142210
9407142310
9407360310
9407360320
9407360321
9407360330
9407360340
9407360341
9407370510
9407370520
9407370521
9407360610
9407360611
9407360620
9407360621
9407360630
9407370210
9407370220
9407370310
9407370311
9407360910
9407360911
9407360920
9407360931
9407360940
9407360950
9407360960
9407361010
9407361011
9407361110
9407361120
9407360210
9407360220
9407360221
9407360230
9407360231
9407360240
9407360241
9407360410
9407360420
9407360430
9407360440
9407360441
9407360450
9407360460
9407360510
9407360520
9407360521
9407360530
9407360710
9407360711
9407360720
9407360730
9407360740
9407360750
9407360751
9407360810
9407360820
9407360821
9407360830
9407360831
9407360840
9407360841
9407360850
9407370110
9407370120
9407370121
9407370410
9407370411
9407360110
9407360120
9407360130
9407360140
9407450210
9407450220
9407450310
9407450311
9407451210
9407460110
9407450410
9407450411
9407450510
9407450610
9407460710
9407450710
9407450711
9407450721
9407450730
9407460210
9407450810
9407450820
9407450830
9407460510
9407450910
9407450920
9407451010
9407451011
9407451012
9407451110
9407451120
9407460810
9407460811
9407460610
9407460310
9407460410
9407450110
9407450111
9408250210
9408250220
9408250221
9408250230
9408250240
9408250241
9408250310
9408250311
9408250410
9408250420
9408290110
9408290210
9408290310
9408290410
9408250510
9408250520
9408250610
9408250620
9408250710
9408250810
9408250820
9408250910
9408250920
9408251010
9408251020
9408251110
9408251120
9408251130
9408251140
9408290811
9408251210
9408251220
9408251230
9408251240
9408251310
9408251320
9408290911
9408251410
9408251420
9408251510
9408251511
9408251610
9408251620
9408251621
9408251710
9408251720
9408251721
9408251810
9408251820
9408251910
9408251920
9408252010
9408252020
9408252030
9408252040
9408252041
9408252050
9408252110
9408252120
9408252130
9408252210
9408252220
9408252230
9408252310
9408252320
9408252330
9408252410
9408252420
9408252421
9408252430
9408250110
9408250120
9408252510
9408690810
9408690820
9408691010
9408691110
9408700510
9408700511
9408700512
9408700513
9408700514
9408700515
9408700516
9408700517
9408700518
9408691310
9408691320
9408691330
9408691410
9408691510
9408691520
9408691610
9408700610
9408700611
9408700612
9408700613
9408700614
9408700615
9408700616
9408700617
9408700618
9408700619
9408700620
9408700621
9408700622
9408700623
9408700624
9408700625
9408700626
9408700627
9408700628
9408700710
9408700711
9408700712
9408700713
9408691210
9408696010
9408696110
9408696410
9408696510
9408696520
9408696610
9408691710
9408691720
9408700810
9408700811
9408700812
9408700813
9408700814
9408700815
9408700816
9408700817
9408700818
9408691810
9408691811
9408691820
9408691830
9408691840
9408692010
9408692020
9408697010
9408697020
9408700910
9408700911
9408700912
9408700913
9408700914
9408700915
9408700916
9408700917
9408700918
9408700919
9408700920
9408700921
9408700922
9408700923
9408700924
9408700925
9408700926
9408700927
9408700928
9408700929
9408700930
9408690210
9408690610
9408700110
9408700111
9408700112
9408700113
9408700114
9408700115
9408700116
9408700117
9408700118
9408700119
9408700120
9408700121
9408700122
9408700123
9408700124
9408690510
9408690710
9408700310
9408700311
9408700312
9408700313
9408690310
9408695610
9408690410
9408695710
9408700210
9408700211
9408700212
9408700213
9408700214
9408700215
9408700216
9408700217
9408700218
9408700219
9408700220
9408690110
9408690111
9408690910
9408700410
9408700411
9408700412
9408700413
9408700414
9408700415
9408700416
9408700417
9408700418
9408700419
9408700420
9408700421
9408695910
9408691910
9408691911
9408691920
9408696910
9408696911
9408696920
9408690010
9408692110
9408790210
9408790220
9408790230
9408790240
9408790250
9408790251
9408790260
9408790261
9408790270
9408790510
9408790710
9408790910
9408791710
9408791720
9408791721
9408791730
9408791740
9408791750
9408791751
9408802010
9408802020
9408802021
9408802110
9408802120
9408802210
9408805010
9408805110
9408805210
9408806710
9408806711
9408806810
9408806811
9408806910
9408806920
9408806930
9408807010
9408807110
9408807210
9408807211
9408807410
9408807420
9408807421
9408807810
9408807811
9408807910
9408808110
9408808210
9408808510
9408807710
9408807711
9408792010
9408792040
9408792041
9408792050
9408792051
9408792110
9408802310
9408802320
9408802321
9408802330
9408805310
9408806410
9408806610
9408805410
9408807310
9408807320
9408807510
9408807511
9408807610
9408807611
9408808010
9408808011
9408808610
9408808620
9408808630
9408808410
9408808420
9408802410
9408802420
9408802430
9408802440
9408802450
9408802460
9408802461
9408808310
9408808311
9408790310
9408790320
9408790330
9408790410
9408790420
9408790430
9408790610
9408790620
9408790621
9408791410
9408791510
9408791520
9408791530
9408791531
9408791540
9408791610
9408791611
9408791620
9408791621
9408790810
9408790811
9408790820
9408790830
9408791010
9408791020
9408791030
9408791040
9408791110
9408791120
9408791810
9408791910
9408791911
9408791920
9408791210
9408791220
9408791221
9408791230
9408791231
9408791240
9408791250
9408791251
9408791260
9408791261
9408791270
9408791310
9408791350
9408791360
9408791361
9408791370
9408790010
9408790110
9408790120
9408790121
9408790130
9408790140
9408790150
9408790151
9409000210
9409000211
9409000310
9409000320
9409000330
9409000340
9409000410
9409000420
9409000510
9409010110
9409010610
9409011010
9409011011
9409000610
9409000611
9409000620
9409000710
9409000720
9409000721
9409000810
9409000820
9409000910
9409000920
9409001010
9409001110
9409001111
9409001210
9409001220
9409001230
9409001231
9409001310
9409010210
9409010310
9409010410
9409010510
9409010710
9409010810
9409010910
9409000110
9408210110
9408210210
9408210310
9408210410
9408210510
9408210610
9408210710
9408210810
9400110110
9400110111
9400110210
9400110211
9400110310
9400110311
9400110410
9400110411
9400140110
9400140120
9400140121
9400170110
9400170120
9400170121
9400230110
9400230111
9400230210
9400230211
9400230310
9400230311
9400230320
9400230321
9400230330
9400230331
9400950110
9400950111
9400950210
9400950211
9400950310
9400950410
9400950411
9400950510
9400950511
9401000110
9401000111
9401000210
9401000211
9401000310
9401000311
9401170110
9401170111
9401170120
9401170121
9401490110
9401490111
9401490120
9401490121
9401740110
9401740111
9401740120
9401740121
9401740130
9401740131
9401940110
9401940111
9401940210
9401940211
9401940310
9401940311
9401940410
9401940420
9401940421
9403790110
9403790120
9403790130
9403790140
9403790150
9403790160
9403790170
9405240111
9408840410
