0100000010
0100000011
0100000110
0100000111
9110010110
9110010120
9110010121
0100000210
0100000211
9120010110
9120010120
9120010130
9120010131
9130030110
9130030111
9111010110
9111010111
0100000310
0100000311
0100000320
0100000330
0100000331
0100000610
0100000611
0100000620
0100000621
0100000630
0100000631
0100000410
0100000421
0100000510
0100000520
0100000521
9110060110
9110060121
0100000810
0100000840
0100000841
0100000850
0100000930
0100000931
0100001030
0100001110
0100001111
9110020110
9110020120
9110020130
9110020131
9110020210
9110020220
9110020230
9110020231
9110060210
9110060220
9110060221
9120010210
9120010220
9120010221
9120020110
9120020141
9170010210
9170010220
9170010221
0100010110
0100010111
0100010210
0100010220
0100010221
0100010310
0100010320
0100010321
9110080210
9110080220
9110080230
9110080231
9170150110
9170150120
9170150130
9170150131
0100010410
0100010411
0100010420
0100010421
0100010510
0100010511
0100010520
0100010521
0100010530
0100010531
0100010540
0100010541
9140020110
9140020111
9150020110
9150020111
0100010610
0100010611
0100010620
0100010621
0100010630
0100010640
0100010650
0100010651
0100010710
0100010711
0100010720
0100010730
0100010740
0100010750
0100010751
0100010810
0100010820
0100010830
0100010831
0100010840
0100010841
9110080110
9110080120
9110080130
9110080131
9170010110
9170010120
9170010121
0100011010
0100011020
0100011030
0100011040
0100011041
0100011050
0100011051
0100011110
0100011111
0100011120
0100011121
0100011130
0100011131
0100011141
9120030110
9120030120
9120030121
9150150110
9150150120
9150150121
0100011410
0100011420
0100011430
0100011440
0100011441
0100011510
0100011520
0100011521
0100011530
0100011531
9110220110
9110220120
9110220130
9110220131
9110260110
9110260120
9110260130
9110260131
9120090110
9120090120
9120090130
9120090131
9160130110
9160130111
9110030110
9110030111
9140190110
9140190120
9140190121
9160140110
9160140120
9160140130
9160140131
9170130110
9170130120
9170130130
9170130131
9130040110
9130040111
9140010110
9140010120
9140010121
9140090210
9140090220
9140090230
9140090231
9170020110
9170020120
9170020130
9170020131
0100010910
0100010911
0100010920
0100010921
0100011210
0100011220
0100011230
0100011231
0100011310
0100011311
0100011320
0100011321
0100011330
0100011331
0100011340
0100011341
0100020110
0100020111
0100020210
0100020220
0100020221
9110050310
9110050311
0100020310
0100020320
0100020330
0100020340
0100020341
0100021010
0100021020
0100021021
0100021030
0100021031
0100021040
0100021041
9110050110
9110050120
9110050121
9110050210
9110050211
9130090110
9130090120
9130090130
9130090131
9130100110
9130100111
9140030110
9140030120
9140030130
9140030131
9140170110
9140170111
9160010110
9160010120
9160010121
9160180110
9160180120
9160180121
9160180210
9160180220
9160180221
9170050110
9170050120
9170050130
9170050131
9170100110
9170100120
9170100121
9160020110
9160020120
9160020121
0100020610
0100020620
0100020621
0100020810
0100020820
0100020821
0100021510
0100021520
0100021521
0100021530
0100021531
9140190210
9140190220
9140190221
0100020510
0100020520
0100020521
9130050110
9130050120
9130050121
9150190110
9150190120
9150190121
0100020710
0100020711
0100020720
0100020730
0100020740
0100020741
9110130110
9110130120
9110130130
9110130131
9110180210
9110180211
9130110110
9130110120
9130110121
9150030210
9150030211
9150030220
9150030221
9170030110
9170030120
9170030121
9170110110
9170110120
9170110121
9170110210
9170110220
9170110230
9170110240
9170110241
0100020910
0100020911
0100020920
0100020930
0100020940
0100020941
0100020950
0100020951
9120120110
9120120120
9120120121
9150190310
9150190320
9150190330
9150190331
9160100110
9160100120
9160100121
9160100210
9160100220
9160100230
9160100231
9170160110
9170160120
9170160130
9170160131
0100021310
0100021320
0100021321
0100021410
0100021420
0100021421
0100021430
0100021431
0100020410
0100020411
0100020420
0100020421
9130060110
9130060120
9130060130
9130060131
9150030110
9150030120
9150030121
9130010110
9130010120
9130010121
9130130110
9130130120
9130130130
9130130131
9140110110
9140110111
9150210110
9150210120
9150210121
9170060110
9170060120
9170060121
9170080110
9170080120
9170080121
9170080130
9170080131
9170080140
9170080141
9120150110
9120150120
9120150130
9120150140
9120150141
0100021110
0100021120
0100021130
0100021131
0100021140
0100021141
0100021150
0100021151
0100021210
0100021220
0100021221
0100030110
0100030111
0100030210
0100030211
0100030220
0100030221
0100030230
0100030231
9140080110
9140080120
9140080121
0100030310
0100030311
0100030320
0100030321
0100030330
0100030331
9150190210
9150190211
0100030410
0100030411
0100030420
0100030421
0100030430
0100030431
0100030440
0100030441
0100030450
0100030451
9120180110
9120180120
9120180121
9140150110
9140150120
9140150121
0100030510
0100030511
0100030520
0100030530
0100030531
0100030540
0100030541
0100030710
0100030711
0100030720
0100030721
0100030730
0100030810
0100030811
0100030820
0100030821
0100030830
0100030831
0100030610
0100030620
0100030621
0100030630
0100030631
0100030640
0100030650
0100030651
9120020310
9120020320
9120020330
9120020331
9150170110
9150170120
9150170130
9150170131
0100030910
0100030911
0100030920
0100030921
0100030930
0100030940
0100030941
0100031010
0100031011
0100031020
0100031030
0100031040
0100031041
0100031050
0100031051
0100031110
0100031111
0100031121
0100031131
0100031140
0100031141
0100031210
0100031220
0100031221
0100031231
0100031310
0100031311
0100031320
0100031330
0100031340
0100031341
0100031410
0100031411
0100031420
0100031421
0100031430
0100031431
9120050110
9120050120
9120050130
9120050131
9150170210
9150170220
9150170221
9140090110
9140090120
9140090130
9140090131
0100040110
0100040111
0100040210
0100040220
0100040221
0100040230
0100040240
0100040250
0100040251
9160050110
9160050120
9160050130
9160050131
0100040310
0100040320
0100040330
0100040340
0100040341
0100040610
0100040621
0100040631
0100040640
0100040641
0100040710
0100040720
0100040730
0100040731
0100040910
0100040911
0100040920
0100041010
0100041011
0100041020
0100041031
0100041041
0100041050
0100041051
0100041110
0100041120
0100041130
0100041140
0100041141
0100041210
0100041220
0100041230
0100041240
0100041241
0100041310
0100041321
0100041330
0100041331
0100041340
0100041341
0100041350
0100041351
9110200110
9110200120
9110200121
9150140110
9150140120
9150140130
9150140140
9150140150
9150140151
9150160110
9150160120
9150160130
9150160131
9160070110
9160070111
9170070110
9170070111
9170070210
9170070220
9170070221
9170070230
9170070231
9170160210
9170160211
0100040410
0100040420
0100040421
0100040431
0100040440
0100040450
0100040451
9150040110
9150040120
9150040130
9150040131
0100040510
0100040521
0100040531
0100040540
0100040541
9120020210
9120020240
9120020241
9120050210
9120050220
9120050230
9120050231
0100040810
0100040820
0100040821
0100040830
0100040840
0100040850
0100040851
9120110110
9120110120
9120110121
9150100110
9150100120
9150100121
9170040110
9170040120
9170040130
9170040131
9160180310
9160180320
9160180321
9170040210
9170040220
9170040230
9170040231
9110090110
9110090120
9110090121
0100050110
0100050120
0100050121
9140130110
9140130111
0100050210
0100050220
0100050230
0100050240
0100050241
0100050310
0100050321
0100050410
0100050420
0100050421
0100050510
0100050511
0100050520
0100050521
0100051510
0100051520
0100051521
0100051530
0100051531
0100051610
0100051620
0100051630
0100051631
0100050610
0100050611
0100050710
0100050711
0100050720
0100050730
0100050731
9120090210
9120090220
9120090230
9120090231
9120100110
9120100120
9120100121
9120100130
9120100140
9120100141
9120100150
9120100160
9120100161
0100050810
0100050820
0100050821
0100050830
0100050831
0100050910
0100050911
0100051010
0100051020
0100051021
0100051030
0100051031
0100052110
0100052120
0100052121
0100052130
0100052131
0100052210
0100052220
0100052221
0100052230
0100052231
0100052240
0100052241
0100051110
0100051111
0100051120
0100051121
0100051130
0100051140
0100051141
0100051210
0100051220
0100051230
0100051240
0100051250
0100051251
9110190110
9110190120
9110190130
9110190131
0100051310
0100051320
0100051330
0100051340
0100051350
0100051351
0100051410
0100051420
0100051710
0100051720
0100051810
0100051820
0100051830
0100051831
0100051840
0100051910
0100051920
0100051921
0100052010
0100052020
0100052021
0100060110
0100060120
0100060121
0100062110
0100062111
0100060210
0100060220
0100060230
0100060231
0100060310
0100060320
0100060321
0100060410
0100060411
0100060420
0100062610
0100062611
0100062620
0100062630
0100062640
0100062641
0100060510
0100060610
0100060611
0100060620
0100060621
0100060631
0100060810
0100060811
0100060820
0100060830
0100060831
0100062010
0100060710
0100060711
0100060720
0100060730
0100060731
0100060740
0100060750
0100060751
0100062810
0100062811
0100062820
0100062821
0100060910
0100060911
0100061010
0100061011
0100061020
0100061031
0100061040
0100061041
0100061710
0100061720
0100061721
0100061910
0100061920
0100061921
0100061930
0100061940
0100061950
0100061951
0100062710
0100062711
9120060110
9120060120
9120060130
9120060131
0100061110
0100061120
0100061130
0100061140
0100061141
0100061610
0100061611
0100061620
0100061621
0100061210
0100061310
0100061320
0100061330
0100061331
0100061410
0100061420
0100061421
0100061430
0100061440
0100061441
0100061510
0100061511
0100061810
0100061811
0100061820
0100061821
0100062210
0100062211
0100062220
0100062221
0100062310
0100062311
0100062320
0100062321
0100062330
0100062331
0100062340
0100062341
0100062410
0100062411
0100062510
0100062511
0100062520
0100062521
0100062910
0100062920
0100063010
0100063011
0100063020
0100063021
9120080110
9120080120
9120080121
9120080130
9120080140
9120080141
9140020210
9140020211
0100063110
0100063111
0100063120
0100063121
0100063130
0100063131
0100063210
0100063211
0100070110
0100070120
0100070130
0100070131
0100070140
0100070141
0100070211
0100070220
0100070230
0100070231
0100070240
0100070250
9130080110
9130080111
9130080120
9130080121
9130080130
9130080131
0100071210
0100071220
0100071221
0100071230
0100071240
0100071250
0100071710
0100071711
0100071720
0100071721
0100071730
0100071740
0100071741
0100072210
0100070310
0100070320
0100070321
0100070710
0100070720
0100070730
0100070740
0100070741
0100070810
0100070820
0100070821
0100070830
0100071010
0100071020
0100071021
0100071030
0100071031
0100071040
0100071041
0100071110
0100071120
0100071130
0100071140
0100071510
0100071511
0100071520
0100071521
0100071530
0100071531
0100071541
0100071550
0100071551
0100071560
0100071561
0100071910
0100071920
0100072010
0100072020
0100072030
0100072040
0100072050
0100072051
0100072060
0100072070
0100072071
0100070410
0100070420
0100070421
0100070430
0100070431
0100070440
0100070441
0100070450
0100070460
0100070461
0100070510
0100070511
0100070521
0100070530
0100070531
0100070540
0100070541
0100070610
0100070611
0100070620
0100070621
0100071810
0100071820
0100071821
0100071830
0100071840
0100071850
0100071851
0100071860
0100071410
0100071420
0100071430
0100071440
0100071450
0100071460
0100071470
0100070910
0100070920
0100070921
0100070930
0100070931
9170060210
9170060211
9170060220
9170060221
0100071310
0100071320
0100071321
0100071331
0100071610
0100071611
0100072110
0100072120
0100072130
0100072140
0100072150
0100072151
0100072160
0100072161
9120200110
9120200111
9120200120
9120200130
9120200131
9170220110
9170220111
9170220120
9170220121
0100080110
0100080111
0100080210
0100080240
0100080310
0100080410
0100080510
0100080610
0100080710
0100080810
0100080910
0100081010
0100081110
0100081210
0100081310
0100081410
0100081510
0100081610
0100081910
0100081911
0100081913
0100081920
0100081922
0100082010
0100082211
0100081810
0100081820
0100081821
0100082110
0100082111
0100081710
0200010110
0200010111
0200010210
0200010211
0200010310
0200010311
0200011410
0200011411
0200010410
0200010420
0200010421
0200010710
0200010711
0200010910
0200010920
0200010921
0200011110
0200011111
0200011510
0200011511
0200010510
0200010511
0200010610
0200010620
0200010621
0200010810
0200010820
0200010821
9160260110
9160260111
9160260120
9160260121
9160260130
9160260131
0200011010
0200011020
0200011021
0200011210
0200011220
0200011230
0200011231
0200011310
0200011311
0200011710
0200011720
0200011721
0200011810
0200011811
0200011610
0200011620
0200011630
0200011640
0200011641
0200020110
0200020120
0200020121
0200020210
0200020211
0200020310
0200020320
0200020330
0200020331
0200020410
0200020420
0200020430
0200020431
0200020910
0200020911
0200021110
0200021120
0200021130
0200021140
0200021141
0200021150
0200021160
0200021170
0200021171
0200020510
0200020511
0200020610
0200020611
0200020620
0200020630
0200020640
0200020641
0200020710
0200020711
0200020810
0200020811
0200020820
0200020830
0200020831
0200020840
0200020850
0200020860
0200020861
0200020870
0200021010
0200021020
0200021030
0200021031
0200021210
0200021220
0200021221
0200021230
0200021310
0200021320
0200021321
0200021410
0200021420
0200021421
0200021510
0200021610
0200021620
0200021621
0200021630
0200021640
0200021650
0200021660
0200030010
0200030110
0200030111
0200030120
0200030121
0200030210
0200030211
0200030220
0200030310
0200030311
0200030320
0200030321
0200030330
0200030340
0200030341
0200030410
0200030420
0200030421
0200031310
0200031320
0200031321
0200030510
0200030511
0200030520
0200030530
0200030540
0200030541
0200030610
0200030620
0200030621
0200030630
0200030640
0200030641
0200030710
0200030711
0200031610
0200031620
0200030810
0200030811
0200030820
0200030830
0200030831
0200030910
0200030920
0200030921
0200030930
0200030940
0200030941
0200031010
0200031020
0200031030
0200031031
0200031110
0200031120
0200031121
0200031130
0200031131
0200031210
0200031220
0200031230
0200031231
0200031240
9160190110
9160190120
9160190121
0200031510
0200031520
0200031521
0200031530
0200031531
0200031540
0200031541
0200031550
0200031410
0200031411
0200031420
0200031421
0200031430
0200031431
0200031440
0200031441
0200031450
0200031460
0200031461
0200040110
0200040111
0200040120
0200040130
0200040140
0200040150
0200040151
0200040160
0200040210
0200040220
0200040230
0200040240
0200040241
0200040250
0200040260
0200040270
0200040271
0200040410
0200040420
0200040430
0200040440
0200040450
0200040451
0200040460
0200040461
0200040310
0200040320
0200040330
0200040340
0200040341
0200040810
0200040820
0200040830
0200040840
0200040841
0200041010
0200041110
0200041111
0200041120
0200041130
0200041140
0200041141
0200040910
0200040510
0200040520
0200040521
0200040530
0200040531
0200040540
0200040550
0200040560
0200040561
0200040610
0200040710
0200040711
0300000110
0300000210
0300000310
0300000410
0300000411
0300000510
0300000610
0300000611
0300000710
0300000711
0300000810
0300010210
0300010220
0300010230
0300010231
0300010810
0300010310
0300010320
0300010321
0300011310
0300011320
0300011330
0300011331
0300010410
0300010420
0300010421
0300010510
0300010520
0300010521
0300010610
0300011010
0300011011
0300011020
0300011030
0300011031
0300011040
0300011210
0300011211
0300011410
0300011420
0300011421
0300011430
0300011431
0300010910
0300010911
0300011110
0300011120
0300011121
0300011510
0300011520
0300011521
0300011710
0300011711
0300011720
0300011721
0300011910
0300011911
0300011920
0300011921
0300012010
0300012011
0300012020
0300011810
0300011840
0300011841
0300012110
0300012120
0300012130
0300012131
0300012210
0300012220
0300012230
0300012310
0300012311
0300012320
0300012330
0300012331
0300012340
0300012341
9406940110
9406940111
9406940210
9406940211
9406940310
9406940410
9406940510
9406940511
9406940610
9406940611
0300010710
0300010711
0300010720
0300010721
0300010730
0300011610
0300011611
0300010010
0300010110
0300020210
0300020220
0300020230
0300020231
0300020310
0300020311
0300020320
0300020321
0300020330
0300020410
0300020420
0300020430
0300020440
0300020441
0300020450
0300020460
0300020461
0300020471
9407030110
9407030111
9407030210
9407030211
0300020510
0300020520
0300020530
0300020540
0300020541
0300020550
0300020551
0300020610
0300020611
0300020621
0300021210
0300021211
0300021221
0300021240
0300021250
0300021251
0300021710
0300021711
0300021720
0300021730
0300021810
0300021821
0300021830
9407030510
9407030511
9407030610
9407030611
0300021310
0300021320
0300021321
0300021330
0300021340
0300021341
0300021350
0300021351
0300020710
0300020711
0300020720
0300020730
0300020740
0300020741
0300020810
0300020820
0300020821
0300020831
0300020840
0300020841
0300020910
0300020920
0300020930
0300020931
0300021010
0300021020
0300021021
0300021030
0300021031
0300021041
0300021410
0300021420
0300021421
0300021510
0300021520
0300021530
0300021531
0300021540
0300021541
9407030310
9407030311
9407030410
9407030411
0300021610
0300021620
0300021630
0300021640
0300021650
0300021110
0300021120
0300021130
0300021131
0300020010
0300020110
0300030810
0300030811
0300030820
0300030821
0300030830
0300030840
0300030841
0300030850
0300030851
0300031410
0300031411
0300031420
0300031430
0300031431
9407310110
9407310111
9407310210
9407310211
0300031510
0300031520
0300031521
0300031530
0300031531
0300031611
0300031620
0300031710
0300031720
0300031721
0300031730
0300031731
0300031740
0300031741
0300031810
0300031820
0300031830
0300031840
0300031841
0300031910
0300031920
0300031930
0300031931
0300032010
0300032020
0300032030
0300032040
0300032041
9407310310
9407310311
9407310410
9407310411
9407310510
9407310610
0300030510
0300030511
0300030520
0300030521
0300030610
0300030611
0300030620
0300030621
0300030710
0300030711
0300030910
0300031010
0300031011
0300031020
0300031021
0300031110
0300031111
0300031210
0300031310
0300031320
0300031330
0300031331
0300030010
0300030110
0300030210
0300030310
0300030410
0300040310
0300040320
0300040321
0300040330
0300040340
0300040341
0300040350
0300040360
0300040610
0300040620
0300040621
0300040630
0300041410
0300041411
0300041420
0300041421
0300041430
0300041431
0300041440
0300041441
0300041450
0300041451
0300041510
0300041520
0300042110
0300042120
0300040410
0300040411
0300040420
0300040421
0300040430
0300040431
0300040440
0300040441
0300041710
0300041720
0300041721
0300040810
0300040820
0300040830
0300040840
0300040910
0300040920
0300040921
0300040930
9407580110
9407580111
9407580210
9407580211
0300041010
0300041011
0300041110
0300041120
0300041121
0300041130
0300041210
0300041220
0300041230
0300041231
0300041240
0300041241
0300041250
0300041251
0300040510
0300040520
0300040530
0300040540
0300040541
0300041810
0300041820
0300041830
0300041840
0300041841
0300041850
0300041860
0300041310
0300041320
0300041321
0300041330
0300041340
0300041350
0300041360
0300041910
0300041920
0300041930
0300041931
0300042010
0300042011
0300042020
0300042030
0300042040
0300042041
0300042050
0300042060
9407580310
9407580311
9407580410
9407580411
9407580510
9407580610
0300040110
0300040210
0300040710
0300041610
0300041620
0300041630
0300050510
0300050520
0300050530
0300050531
0300050540
0300050610
0300050611
0300050620
0300050621
0300050630
0300050631
0300050640
0300050710
0300050720
0300050730
0300050731
0300050811
0300050820
0300050821
0300050910
0300050911
0300050920
0300050921
0300050930
0300050931
0300051010
0300051020
0300051021
0300051110
0300051111
0300051210
0300051220
0300051221
0300051310
0300051320
0300051321
0300051410
0300051420
0300051421
0300051430
0300051431
0300051440
0300051510
0300051520
0300051521
0300051530
0300051531
0300051540
0300051550
0300051610
0300051611
0300051620
0300051630
0300051640
0300051641
0300051710
0300051720
0300051721
0300051730
0300051731
0300051740
0300051810
0300051811
0300051820
0300051910
0300051911
0300051920
0300051921
0300051930
0300052030
0300052031
0300052040
0300052050
0300052051
0300052110
0300052111
0300052210
0300052211
0300052220
0300052221
0300052230
0300053110
0300053111
0300053120
0300053121
0300053130
0300052310
0300052320
0300052410
0300052420
0300052510
0300052520
0300052521
0300052610
0300052611
0300052620
0300052630
0300052640
0300052641
0300052650
0300052651
0300052710
0300052720
0300052721
0300052730
0300052731
0300052810
0300052911
0300052920
0300052930
0300053010
0300053020
0300053021
0300053030
0300053040
0300053041
0300053050
9407690110
9407690111
9407690210
9407690211
9407690310
9407690311
9407690410
9407690411
9407690510
9407690511
9407690610
9407690611
0300050010
0300050110
0300050210
0300050310
0300050410
0300050420
0300060110
0300060120
0300060130
0300060210
0300060211
0300060221
0300060231
0300060310
0300060320
0300060330
0300060331
0300060340
0300060410
0300060420
0300060510
0300060520
0300060530
0300060540
0300060550
0300060551
0300060610
0300060620
0300060630
0300060640
0300060650
0300060651
0300061010
0300061020
0300060710
0300060720
0300060721
0300060730
0300060740
0300060910
0300060920
0300060930
0300061210
0300061221
0300061230
0300061240
0300061310
0300061320
0300061321
0300061410
0300061420
0300061421
0300061430
0300061510
0300061511
0300061520
0300061530
9407730110
9407730210
9407730310
9407730311
9407730410
9407730411
0300061110
0300061111
0300061121
0300061610
0300061620
0300061631
0300061710
0300061720
0300061810
0300061820
0300061821
0300061830
0300061831
0300061910
0300061920
0300061921
0300061930
0300061940
0300061941
0300062010
0300062021
0300060810
0300062110
0300062111
0300062131
0300062140
0300062210
0300062220
0300062230
0300062231
0300062310
0300062320
0300062330
0300062410
0300062420
0300062430
0300062431
0300062510
0300062520
0300062610
0300062710
0300062720
0300062721
0300062810
0300062820
0300062830
9407730510
9407730610
0300070210
0300070220
0300070230
0300070231
0300070310
0300070320
0300070330
0300070341
0300070410
0300070421
0300070430
0300070440
0300070450
0300070451
0300070510
0300070520
0300070530
0300070531
0300070540
0300070541
0300070550
0300070610
0300070620
0300070630
0300070631
0300070640
0300070650
0300071510
0300071520
0300071010
0300071020
0300071030
0300071110
0300071120
0300071121
0300071130
0300071140
0300071410
0300071420
0300071431
0300071440
0300070710
0300070720
0300070721
0300070730
0300070731
0300070810
0300070820
0300070830
0300070910
0300070920
0300070930
0300070931
0300070941
0300071610
0300071620
0300071210
0300071220
0300071230
0300071240
0300071310
0300071320
0300071330
0300071331
0300071340
0300070010
0300070110
0300070120
0300070130
0300070131
0300070140
0300070141
0300080110
0300080120
0300080121
0300080130
0300080140
0300080141
0300080150
0300080151
0300080160
0300080161
0300080170
0300090010
0300100010
0300080210
0300080310
0300080320
0300080321
0300080330
0300080340
0300080410
0300080411
0300080420
0300080430
0300080431
0300080440
0300080450
0300080460
0300080461
0300080470
0300080471
0300090710
0300090720
0300090721
0300090731
0300090740
0300090750
0300100210
0300100220
0300100230
0300100240
0300100310
0300100311
0300100320
0300100321
0300100330
0300100340
0300100341
0300100350
0300100360
0300080510
0300080610
0300080611
0300080620
0300080621
0300080630
0300080640
0300080650
0300080660
0300080810
0300080811
0300080820
0300080821
0300080830
0300080841
0300091010
0300091021
0300091030
0300091040
0300091041
0300091050
0300091060
0300091110
0300091111
0300091120
0300091130
0300091140
0300091150
0300080710
0300080720
0300080721
0300080730
0300080910
0300080920
0300080930
0300080940
0300080941
0300080950
0300080960
0300080970
0300081010
0300081021
0300081031
0300081040
0300081041
0300081051
0300090110
0300090120
0300090121
0300090131
0300090140
0300090150
0300090160
0300090170
0300081110
0300081120
0300081130
0300081141
0300081150
0300081160
0300081170
0300081180
0300081190
0300091910
0300091920
0300091930
0300091940
0300091950
0300091960
0300100110
9407940310
9407940311
9407940410
9407940411
0300090210
0300090211
0300090220
0300090221
0300090231
0300090240
0300090241
0300090250
0300090260
0300090270
0300092010
0300092020
0300092021
0300092030
0300092031
0300092040
0300092041
0300092050
0300092060
0300092061
0300092070
0300090810
0300090820
0300090821
0300090831
0300090840
0300090850
0300090851
0300090860
0300090861
0300090870
0300090880
9407940110
9407940111
9407940210
9407940211
0300090310
0300090320
0300090330
0300090340
0300090341
0300090350
0300091310
0300091311
0300091321
0300091330
0300091331
0300091340
0300091341
0300091350
0300091351
0300091360
0300091370
0300091510
0300091520
0300091521
0300091530
0300091550
0300091560
0300091561
0300091570
0300091580
0300091610
0300091611
0300091620
0300091630
0300091640
0300091650
0300091651
0300091660
0300091670
0300091671
0300091710
0300091720
0300091730
0300091731
0300091740
0300091741
0300091750
0300091751
0300091760
0300091761
0300091770
0300091810
0300091820
0300091821
0300091830
0300091831
0300091840
0300090410
0300090610
0300090910
0300091210
0300091410
0300090510
0300090511
0300090521
0300090540
0300090541
0300090550
0300090551
0300090560
0300090570
0300090571
0300090580
0300090590
0300100710
0300100720
0300100721
0300100730
0300100740
0300100750
0300100760
0300100761
0300100770
0300100780
0300100790
0300100510
0300100520
0300100521
0300100530
0300100541
0300100551
0300100560
0300100570
0300100910
0300100810
0300100820
0300100830
0300100840
0300100610
0300100410
0300100420
0300100421
9407940510
9407940610
0300080010
0300110010
0300110110
0300120210
0300120211
0300120310
0300121110
0300121120
0300121121
0300120410
0300120420
0300120421
0300120510
0300120511
0300120710
0300120720
0300120721
0300120730
0300120740
0300120750
0300120751
0300120760
0300120761
0300120770
0300120771
0300120780
0300120781
0300120790
0300121010
0300121020
0300121021
0300121030
0300121031
0300120610
0300120621
0300121410
0300121420
0300121430
0300121440
0300121450
0300121460
0300121470
0300121471
0300122010
0300122011
0300122020
0300122021
0300122031
0300122040
0300122050
0300122060
0300122061
0300122070
0300122080
0300129921
0300120810
0300120820
0300120910
0300120911
0300120920
0300120930
0300120931
0300120940
0300120941
0300121210
0300121220
0300121221
0300121231
0300121240
0300121241
0300121810
0300121811
0300121820
0300121910
0300121920
0300121930
0300121931
0300121940
0300121941
0300121950
0300129741
0300129841
0300121310
0300121320
0300121321
0300121330
0300121340
0300121510
0300121511
0300121520
0300121521
0300121610
0300121620
0300121621
0300121630
0300121710
0300121720
0300121730
0300121740
0300121741
0300121750
0300121751
0300121760
0300122110
0300122120
0300122130
0300122131
0300122210
0300122220
0300120010
0300120110
0300120120
0300130210
0300130220
0300130230
0300130231
0300130240
0300130250
0300130260
0300130261
0300130270
0300132610
0300132611
0300130611
0300130620
0300130630
0300130640
0300130650
0300130310
0300130320
0300130321
0300130330
0300130331
0300130340
0300130350
0300130351
0300130360
0300130361
0300130410
0300130411
0300130420
0300130421
0300130430
0300130440
0300130441
0300130810
0300130811
0300130820
0300130821
0300130830
0300130840
0300130850
0300139821
0300130510
0300130520
0300130521
0300130530
0300130540
0300130541
0300130550
0300131210
0300131220
0300131230
0300131231
0300131240
0300131241
0300131250
0300131251
0300131261
0300131270
0300131310
0300131410
0300131420
0300131421
0300131430
0300131431
0300131440
0300131441
0300131450
0300131460
0300131510
0300131511
0300131520
0300131530
0300131531
0300131540
0300131550
0300131551
0300131560
0300131561
0300131570
0300131580
0300131581
0300131910
0300131920
0300131930
0300131940
0300130710
0300130711
0300130910
0300130920
0300130921
0300130930
0300130931
0300130940
0300130950
0300130951
0300131011
0300131020
0300131030
0300131040
0300131041
0300131110
0300131120
0300131130
0300131140
0300131141
0300131150
0300131151
0300131160
0300131710
0300131720
0300131810
0300131820
0300131821
0300131830
0300131840
0300131841
0300131850
0300131851
0300131860
0300131861
0300131870
0300131880
0300131610
0300131611
0300131620
0300131631
0300131640
0300131650
0300132010
0300132020
0300132030
0300132040
0300132041
0300132050
0300132060
0300132061
0300132110
0300132120
0300132130
0300132131
0300132210
0300132220
0300132221
0300132230
0300132231
0300132240
0300132241
0300132250
0300132310
0300132320
0300132330
0300132410
0300132411
0300132420
0300132430
0300132440
0300132450
0300132460
0300132470
0300132510
0300132520
0300132530
0300132540
0300132550
0300132560
0300132570
0300132571
0300132580
0300132581
0300130010
0300130110
0300130120
0300130130
0300132710
